6,1,9,1
6,2,9,2
6,3,9,3
6,4,9,4
6,5,9,5
6,6,9,6
6,7,10,1
6,8,10,2
6,9,10,3
6,10,10,4
6,11,10,5
6,12,10,6
6,13,11,1
6,14,11,2
6,15,11,3
6,16,11,4
6,17,11,5
6,18,11,6
6,19,11,7
6,20,11,8
6,21,11,9
6,22,11,10
7,1,12,1
3,1,13,1
3,2,13,2
4,1,14,1
4,2,14,2
5,1,15,1
5,2,15,2
9,0,17,1
10,0,17,2
11,0,17,3
14,0,17,4
9,0,18,1
11,0,18,2
14,0,18,3
15,0,18,4
9,0,19,1
10,0,19,2
11,0,19,3
13,0,19,4
9,0,20,1
10,0,20,2
13,0,20,3
11,0,20,4
9,0,21,1
11,0,21,2
11,0,21,3
15,0,21,4
12,0,22,1
9,0,22,2
10,0,22,3
11,0,22,4
17,1,24,1
17,2,24,2
17,3,24,3
17,4,24,4
18,1,25,1
18,2,25,2
18,3,25,3
18,4,25,4
19,1,26,1
19,2,26,2
19,3,26,3
19,4,26,4
20,1,27,1
20,2,27,2
20,3,27,3
20,4,27,4
21,1,28,1
21,2,28,2
21,3,28,3
21,4,28,4
22,1,29,1
22,2,29,2
22,3,29,3
22,4,29,4
24,3,31,1
25,3,31,2
26,3,31,3
27,3,31,4
28,3,31,5
29,3,31,6
24,2,33,1
26,2,33,2
25,1,34,1
31,1,34,2
27,1,35,1
31,2,35,2
24,1,36,1
31,3,36,2
25,2,37,1
29,1,37,2
29,2,38,1
28,2,38,2
26,1,39,1
31,4,39,2
28,1,40,1
27,2,40,2
33,1,42,1
34,1,42,2
35,1,43,1
36,1,43,2
37,1,44,1
38,1,44,2
39,1,45,1
40,1,45,2
42,1,47,1
43,1,47,2
44,1,48,1
45,1,48,2
47,2,50,1
48,2,50,2
47,1,52,1
48,1,52,2
56,0,61,1
57,0,61,2
58,0,61,3
59,0,61,4
56,0,62,1
57,0,62,2
58,0,62,3
59,0,62,4
56,0,63,1
57,0,63,2
58,0,63,3
59,0,63,4
56,0,64,1
57,0,64,2
58,0,64,3
59,0,64,4
61,1,66,1
62,2,66,2
63,1,67,1
64,2,67,2
62,1,68,1
61,2,68,2
64,1,69,1
63,2,69,2
66,1,71,1
67,1,71,2
68,1,72,1
69,1,72,2
71,1,74,1
72,1,74,2
77,0,81,1
78,0,81,2
78,0,81,3
79,0,81,4
79,0,81,5
77,0,82,1
77,0,82,2
77,0,82,3
77,0,82,4
77,0,82,5
78,0,83,1
78,0,83,2
78,0,83,3
78,0,83,4
78,0,83,5
78,0,83,6
79,0,83,7
79,0,83,8
79,0,83,9
79,0,83,10
79,0,83,11
79,0,83,12
83,0,85,1
83,0,85,2
83,0,85,3
83,0,85,4
83,0,85,5
83,0,85,6
83,0,85,7
83,0,85,8
83,0,85,9
81,1,87,1
81,2,87,2
81,3,87,3
81,4,87,4
81,5,87,5
96,1,98,1
96,2,98,2
96,3,98,3
96,4,98,4
96,5,98,5
96,6,98,6
96,7,98,7
96,8,98,8
98,1,100,1
98,2,100,2
98,3,100,3
98,4,100,4
98,5,101,1
98,6,101,2
98,7,101,3
98,8,101,4
95,0,103,1
95,0,103,2
95,0,103,3
95,0,103,4
95,0,103,5
95,0,103,6
95,0,103,7
95,0,103,8
95,0,103,9
95,0,103,10
95,0,103,11
95,0,103,12
95,0,103,13
95,0,103,14
95,0,103,15
95,0,103,16
103,5,105,1
103,6,105,2
103,7,105,3
103,8,105,4
103,9,105,5
103,10,105,6
103,11,106,1
103,12,106,2
103,13,106,3
103,14,106,4
103,15,106,5
103,16,106,6
100,0,108,1
101,0,108,2
100,0,109,1
101,0,109,2
100,0,110,1
101,0,110,2
100,0,111,1
101,0,111,2
106,0,112,1
105,0,112,2
106,0,113,1
105,0,113,2
106,0,114,1
105,0,114,2
106,0,115,1
105,0,115,2
106,0,116,1
105,0,116,2
106,0,117,1
105,0,117,2
103,1,119,1
103,2,119,2
103,3,119,3
103,4,119,4
112,1,119,5
113,1,119,6
114,1,119,7
115,1,119,8
116,1,119,9
117,1,119,10
119,1,121,1
119,2,121,2
119,3,121,3
119,4,121,4
119,5,121,5
119,6,122,1
119,7,122,2
119,8,122,3
119,9,122,4
119,10,122,5
122,0,124,1
121,0,124,2
122,0,125,1
121,0,125,2
122,0,126,1
121,0,126,2
122,0,127,1
121,0,127,2
122,0,128,1
121,0,128,2
108,1,129,1
109,1,129,2
110,1,130,1
111,1,130,2
93,1,132,1
94,1,133,1
94,2,133,2
94,3,133,3
94,4,133,4
94,5,133,5
94,6,133,6
94,7,133,7
94,8,133,8
94,9,133,9
94,10,133,10
94,11,133,11
94,12,133,12
94,13,133,13
94,14,133,14
94,15,133,15
94,16,133,16
94,17,133,17
94,18,133,18
94,19,133,19
94,20,133,20
94,21,133,21
94,22,133,22
94,23,133,23
94,24,133,24
94,25,133,25
94,26,133,26
94,27,133,27
94,28,133,28
124,1,133,29
125,1,133,30
126,1,133,31
127,1,133,32
128,1,133,33
129,1,133,34
130,1,133,35
132,1,135,1
133,1,135,2
133,2,135,3
133,3,135,4
133,4,135,5
133,5,135,6
133,6,135,7
133,7,135,8
133,8,135,9
133,9,135,10
133,10,135,11
133,11,135,12
133,12,135,13
133,13,135,14
133,14,135,15
133,15,135,16
133,16,135,17
133,17,135,18
133,18,135,19
133,19,135,20
133,20,135,21
133,21,135,22
133,22,135,23
133,23,135,24
133,24,135,25
133,25,135,26
133,26,135,27
133,27,135,28
133,28,135,29
133,29,135,30
133,30,135,31
133,31,135,32
133,32,135,33
133,33,135,34
133,34,135,35
133,35,135,36
135,9,137,1
135,10,137,2
135,11,137,3
135,12,137,4
135,13,137,5
135,14,137,6
135,15,137,7
135,16,137,8
135,17,138,1
135,18,138,2
135,19,138,3
135,20,138,4
135,21,138,5
135,22,138,6
135,23,138,7
135,24,138,8
138,0,140,1
137,1,140,2
138,0,141,1
137,2,141,2
138,0,142,1
137,3,142,2
138,0,143,1
137,4,143,2
138,0,144,1
137,5,144,2
138,0,145,1
137,6,145,2
138,0,146,1
137,7,146,2
138,0,147,1
137,8,147,2
135,1,149,1
135,2,149,2
135,3,149,3
135,4,149,4
135,5,149,5
135,6,149,6
135,7,149,7
135,8,149,8
140,1,150,1
141,1,150,2
142,1,150,3
143,1,150,4
144,1,150,5
145,1,150,6
146,1,150,7
147,1,150,8
150,0,152,1
149,0,152,2
150,0,153,1
149,0,153,2
150,0,154,1
149,0,154,2
150,0,155,1
149,0,155,2
150,0,156,1
149,0,156,2
150,0,157,1
149,0,157,2
150,0,158,1
149,0,158,2
150,0,159,1
149,0,159,2
152,1,161,1
153,1,161,2
154,1,161,3
155,1,161,4
156,1,161,5
157,1,161,6
158,1,161,7
159,1,161,8
161,0,163,1
161,0,163,2
161,0,164,1
161,0,164,2
161,0,165,1
161,0,165,2
161,0,166,1
161,0,166,2
163,1,168,1
164,1,168,2
165,1,168,3
166,1,168,4
168,0,170,1
168,0,170,2
168,0,171,1
168,0,171,2
170,1,173,1
171,1,173,2
112,2,179,1
113,2,179,2
114,2,179,3
115,2,179,4
116,2,179,5
117,2,179,6
177,1,179,7
177,2,179,8
177,3,179,9
177,4,179,10
177,5,179,11
177,6,179,12
177,7,179,13
177,8,179,14
177,9,179,15
177,10,179,16
177,11,179,17
177,12,179,18
177,13,179,19
177,14,179,20
177,15,179,21
177,16,179,22
179,1,181,1
179,2,181,2
179,3,181,3
179,4,181,4
179,5,181,5
179,6,181,6
179,7,181,7
179,8,181,8
179,9,181,9
179,10,181,10
179,11,181,11
179,12,182,1
179,13,182,2
179,14,182,3
179,15,182,4
179,16,182,5
179,17,182,6
179,18,182,7
179,19,182,8
179,20,182,9
179,21,182,10
179,22,182,11
182,0,184,1
181,0,184,2
182,0,185,1
181,0,185,2
182,0,186,1
181,0,186,2
182,0,187,1
181,0,187,2
182,0,188,1
181,0,188,2
182,0,189,1
181,0,189,2
182,0,190,1
181,0,190,2
182,0,191,1
181,0,191,2
182,0,192,1
181,0,192,2
182,0,193,1
181,0,193,2
182,0,194,1
181,0,194,2
108,2,196,1
109,2,196,2
110,2,196,3
111,2,196,4
124,2,196,5
125,2,196,6
126,2,196,7
127,2,196,8
128,2,196,9
129,2,196,10
130,2,196,11
184,1,196,12
185,1,196,13
186,1,196,14
187,1,196,15
188,1,196,16
189,1,196,17
190,1,196,18
191,1,196,19
192,1,196,20
193,1,196,21
194,1,196,22
176,1,196,23
176,2,196,24
176,3,196,25
176,4,196,26
176,5,196,27
176,6,196,28
176,7,196,29
176,8,196,30
176,9,196,31
176,10,196,32
176,11,196,33
176,12,196,34
176,13,196,35
176,14,196,36
196,1,198,1
196,2,198,2
196,3,198,3
196,4,198,4
196,5,198,5
196,6,198,6
196,7,198,7
196,8,198,8
196,9,198,9
196,10,198,10
196,11,198,11
196,12,198,12
196,13,198,13
196,14,198,14
196,15,198,15
196,16,198,16
196,17,198,17
196,18,198,18
196,19,198,19
196,20,198,20
196,21,198,21
196,22,198,22
196,23,198,23
196,24,198,24
196,25,198,25
196,26,198,26
196,27,198,27
196,28,198,28
196,29,198,29
196,30,198,30
196,31,198,31
196,32,198,32
196,33,198,33
196,34,198,34
196,35,198,35
196,36,198,36
198,9,200,1
198,10,200,2
198,11,200,3
198,12,200,4
198,13,200,5
198,14,200,6
198,15,200,7
198,16,200,8
198,17,201,1
198,18,201,2
198,19,201,3
198,20,201,4
198,21,201,5
198,22,201,6
198,23,201,7
198,24,201,8
201,0,203,1
200,1,203,2
201,0,204,1
200,2,204,2
201,0,205,1
200,3,205,2
201,0,206,1
200,4,206,2
201,0,207,1
200,5,207,2
201,0,208,1
200,6,208,2
201,0,209,1
200,7,209,2
201,0,210,1
200,8,210,2
203,1,212,1
204,1,212,2
205,1,212,3
206,1,212,4
207,1,212,5
208,1,212,6
209,1,212,7
210,1,212,8
198,1,213,1
198,2,213,2
198,3,213,3
198,4,213,4
198,5,213,5
198,6,213,6
198,7,213,7
198,8,213,8
212,0,215,1
213,0,215,2
212,0,216,1
213,0,216,2
212,0,217,1
213,0,217,2
212,0,218,1
213,0,218,2
212,0,219,1
213,0,219,2
212,0,220,1
213,0,220,2
212,0,221,1
213,0,221,2
212,0,222,1
213,0,222,2
215,1,224,1
216,1,224,2
217,1,224,3
218,1,224,4
219,1,224,5
220,1,224,6
221,1,224,7
222,1,224,8
224,0,226,1
224,0,226,2
224,0,227,1
224,0,227,2
224,0,228,1
224,0,228,2
224,0,229,1
224,0,229,2
226,1,231,1
227,1,231,2
228,1,231,3
229,1,231,4
231,0,233,1
231,0,233,2
231,0,234,1
231,0,234,2
233,1,236,1
234,1,236,2
240,1,242,1
240,2,242,2
240,3,242,3
240,4,242,4
240,5,242,5
240,6,242,6
240,7,242,7
240,8,242,8
240,9,242,9
240,10,242,10
240,11,242,11
240,12,242,12
242,1,244,1
242,2,244,2
242,3,244,3
242,4,244,4
242,5,244,5
242,6,244,6
242,7,245,1
242,8,245,2
242,9,245,3
242,10,245,4
242,11,245,5
242,12,245,6
245,0,247,1
244,0,247,2
245,0,248,1
244,0,248,2
245,0,249,1
244,0,249,2
245,0,250,1
244,0,250,2
245,0,251,1
244,0,251,2
245,0,252,1
244,0,252,2
184,2,254,1
185,2,254,2
186,2,254,3
187,2,254,4
188,2,254,5
189,2,254,6
190,2,254,7
191,2,254,8
192,2,254,9
193,2,254,10
194,2,254,11
239,1,254,12
239,2,254,13
239,3,254,14
239,4,254,15
239,5,254,16
239,6,254,17
239,7,254,18
239,8,254,19
239,9,254,20
239,10,254,21
239,11,254,22
239,12,254,23
239,13,254,24
239,14,254,25
239,15,254,26
239,16,254,27
239,17,254,28
239,18,254,29
239,19,254,30
247,1,254,31
248,1,254,32
249,1,254,33
250,1,254,34
251,1,254,35
252,1,254,36
254,1,256,1
254,2,256,2
254,3,256,3
254,4,256,4
254,5,256,5
254,6,256,6
254,7,256,7
254,8,256,8
254,9,256,9
254,10,256,10
254,11,256,11
254,12,256,12
254,13,256,13
254,14,256,14
254,15,256,15
254,16,256,16
254,17,256,17
254,18,256,18
254,19,256,19
254,20,256,20
254,21,256,21
254,22,256,22
254,23,256,23
254,24,256,24
254,25,256,25
254,26,256,26
254,27,256,27
254,28,256,28
254,29,256,29
254,30,256,30
254,31,256,31
254,32,256,32
254,33,256,33
254,34,256,34
254,35,256,35
254,36,256,36
256,9,258,1
256,10,258,2
256,11,258,3
256,12,258,4
256,13,258,5
256,14,258,6
256,15,258,7
256,16,258,8
256,17,259,1
256,18,259,2
256,19,259,3
256,20,259,4
256,21,259,5
256,22,259,6
256,23,259,7
256,24,259,8
259,0,261,1
258,1,261,2
259,0,262,1
258,2,262,2
259,0,263,1
258,3,263,2
259,0,264,1
258,4,264,2
259,0,265,1
258,5,265,2
259,0,266,1
258,6,266,2
259,0,267,1
258,7,267,2
259,0,268,1
258,8,268,2
261,1,270,1
262,1,270,2
263,1,270,3
264,1,270,4
265,1,270,5
266,1,270,6
267,1,270,7
268,1,270,8
256,1,271,1
256,2,271,2
256,3,271,3
256,4,271,4
256,5,271,5
256,6,271,6
256,7,271,7
256,8,271,8
270,0,273,1
271,0,273,2
270,0,274,1
271,0,274,2
270,0,275,1
271,0,275,2
270,0,276,1
271,0,276,2
270,0,277,1
271,0,277,2
270,0,278,1
271,0,278,2
270,0,279,1
271,0,279,2
270,0,280,1
271,0,280,2
273,1,282,1
274,1,282,2
275,1,282,3
276,1,282,4
277,1,282,5
278,1,282,6
279,1,282,7
280,1,282,8
282,0,284,1
282,0,284,2
282,0,285,1
282,0,285,2
282,0,286,1
282,0,286,2
282,0,287,1
282,0,287,2
284,1,289,1
285,1,289,2
286,1,289,3
287,1,289,4
289,0,291,1
289,0,291,2
289,0,292,1
289,0,292,2
291,1,294,1
292,1,294,2
297,0,300,1
297,0,300,2
297,0,300,3
297,0,300,4
297,0,300,5
297,0,300,6
297,0,300,7
297,0,300,8
297,0,300,9
297,0,300,10
297,0,300,11
297,0,300,12
298,0,300,13
298,0,300,14
298,0,300,15
298,0,300,16
300,0,302,1
300,0,302,2
300,0,302,3
300,0,302,4
300,0,303,1
300,0,303,2
300,0,303,3
300,0,303,4
300,0,304,1
300,0,304,2
300,0,304,3
300,0,304,4
300,0,305,1
300,0,305,2
300,0,305,3
300,0,305,4
302,1,307,1
303,1,307,2
304,1,307,3
305,1,307,4
302,2,308,1
303,2,308,2
304,2,308,3
305,2,308,4
308,0,310,1
307,0,310,2
308,0,311,1
307,0,311,2
308,0,312,1
307,0,312,2
308,0,313,1
307,0,313,2
310,1,315,1
311,1,315,2
312,1,316,1
313,1,316,2
315,1,318,1
316,1,318,2
322,5,324,1
322,12,324,2
322,6,325,1
322,11,325,2
322,7,326,1
322,10,326,2
322,8,327,1
322,9,327,2
322,1,329,1
324,1,329,2
322,2,330,1
325,1,330,2
322,3,331,1
326,1,331,2
322,4,332,1
327,1,332,2
329,1,334,1
332,1,334,2
330,1,335,1
331,1,335,2
334,1,337,1
335,1,337,2
340,1,342,1
340,2,342,2
340,3,342,3
340,4,342,4
340,5,342,5
340,6,342,6
340,7,343,1
340,8,343,2
340,9,343,3
340,10,343,4
340,11,343,5
340,12,343,6
342,5,347,1
343,1,347,2
342,4,349,1
347,1,349,2
353,1,355,1
353,16,355,2
353,2,356,1
353,15,356,2
353,3,357,1
353,14,357,2
353,4,358,1
353,13,358,2
353,5,359,1
353,12,359,2
353,6,360,1
353,11,360,2
353,7,361,1
353,10,361,2
353,8,362,1
353,9,362,2
355,1,364,1
362,1,364,2
356,1,365,1
361,1,365,2
357,1,366,1
360,1,366,2
358,1,367,1
359,1,367,2
364,1,369,1
367,1,369,2
365,1,370,1
366,1,370,2
369,1,372,1
370,1,372,2
375,1,377,1
375,2,377,2
375,3,377,3
375,4,377,4
375,5,377,5
375,6,377,6
375,7,378,1
375,8,378,2
375,9,378,3
375,10,378,4
375,11,378,5
375,12,378,6
377,4,382,1
378,1,382,2
386,5,388,1
386,12,388,2
386,6,389,1
386,11,389,2
386,7,390,1
386,10,390,2
386,8,391,1
386,9,391,2
386,1,393,1
391,1,393,2
386,2,394,1
390,1,394,2
386,3,395,1
389,1,395,2
386,4,396,1
388,1,396,2
393,1,398,1
396,1,398,2
394,1,399,1
395,1,399,2
398,1,401,1
399,1,401,2
404,1,406,1
404,2,406,2
404,3,406,3
404,4,406,4
404,5,406,5
404,6,406,6
404,7,407,1
404,8,407,2
404,9,407,3
404,10,407,4
404,11,407,5
404,12,407,6
407,1,411,2
406,3,411,1
418,1,420,1
418,2,420,2
418,3,420,3
418,4,420,4
418,5,420,5
418,6,420,6
418,7,420,7
418,8,420,8
418,9,420,9
418,10,420,10
418,11,420,11
418,12,420,12
418,13,420,13
418,14,420,14
418,15,420,15
418,16,420,16
418,17,420,17
418,18,420,18
418,19,420,19
418,20,420,20
418,21,420,21
418,22,420,22
418,23,420,23
418,24,420,24
420,1,422,1
420,2,422,2
420,3,423,1
420,4,423,2
420,5,424,1
420,6,424,2
420,7,425,1
420,8,425,2
420,9,426,1
420,10,426,2
420,11,427,1
420,12,427,2
420,13,428,1
420,14,428,2
420,15,429,1
420,16,429,2
420,17,431,25
420,18,431,26
420,19,431,27
420,20,431,28
420,21,431,29
420,22,431,30
420,23,431,31
420,24,431,32
422,1,431,33
423,1,431,34
424,1,431,35
425,1,431,36
426,1,431,37
427,1,431,38
428,1,431,39
429,1,431,40
431,1,433,1
431,2,433,2
431,3,434,1
431,4,434,2
431,5,435,1
431,6,435,2
431,7,436,1
431,8,436,2
431,9,437,1
431,10,437,2
431,11,438,1
431,12,438,2
431,13,439,1
431,14,439,2
431,15,440,1
431,16,440,2
431,17,441,1
431,18,441,2
431,19,442,1
431,20,442,2
431,21,443,1
431,22,443,2
431,23,444,1
431,24,444,2
431,25,445,1
431,26,445,2
431,27,446,1
431,28,446,2
431,29,447,1
431,30,447,2
431,31,448,1
431,32,448,2
431,33,449,1
431,34,449,2
431,35,450,1
431,36,450,2
431,37,451,1
431,38,451,2
431,39,452,1
431,40,452,2
433,1,454,45
434,1,454,46
435,1,454,47
436,1,454,48
437,1,454,49
438,1,454,50
439,1,454,51
440,1,454,52
441,1,454,53
442,1,454,54
443,1,454,55
444,1,454,56
445,1,454,57
446,1,454,58
447,1,454,59
448,1,454,60
449,1,454,61
450,1,454,62
451,1,454,63
452,1,454,64
454,1,456,1
454,2,456,2
454,3,457,1
454,4,457,2
454,5,458,1
454,6,458,2
454,7,459,1
454,8,459,2
454,9,460,1
454,10,460,2
454,11,461,1
454,12,461,2
454,13,462,1
454,14,462,2
454,15,463,1
454,16,463,2
454,17,464,1
454,18,464,2
454,19,465,1
454,20,465,2
454,21,466,1
454,22,466,2
454,23,467,1
454,24,467,2
454,25,468,1
454,26,468,2
454,27,469,1
454,28,469,2
454,29,470,1
454,30,470,2
454,31,471,1
454,32,471,2
454,33,472,1
454,34,472,2
454,35,473,1
454,36,473,2
454,37,474,1
454,38,474,2
454,39,475,1
454,40,475,2
454,41,476,1
454,42,476,2
454,43,477,1
454,44,477,2
454,45,478,1
454,46,478,2
454,47,479,1
454,48,479,2
454,49,480,1
454,50,480,2
454,51,481,1
454,52,481,2
454,53,482,1
454,54,482,2
454,55,483,1
454,56,483,2
454,57,484,1
454,58,484,2
454,59,485,1
454,60,485,2
454,61,486,1
454,62,486,2
454,63,487,1
454,64,487,2
456,1,489,1
457,1,489,2
458,1,489,3
459,1,489,4
460,1,489,5
461,1,489,6
462,1,489,7
463,1,489,8
464,1,489,9
465,1,489,10
466,1,489,11
467,1,489,12
468,1,489,13
469,1,489,14
470,1,489,15
471,1,489,16
472,1,489,17
473,1,489,18
474,1,489,19
475,1,489,20
476,1,489,21
477,1,489,22
478,1,489,23
479,1,489,24
480,1,489,25
481,1,489,26
482,1,489,27
483,1,489,28
484,1,489,29
485,1,489,30
486,1,489,31
487,1,489,32
489,1,491,1
489,2,491,2
489,3,492,1
489,4,492,2
489,5,493,1
489,6,493,2
489,7,494,1
489,8,494,2
489,9,495,1
489,10,495,2
489,11,496,1
489,12,496,2
489,13,497,1
489,14,497,2
489,15,498,1
489,16,498,2
489,17,499,1
489,18,499,2
489,19,500,1
489,20,500,2
489,21,501,1
489,22,501,2
489,23,502,1
489,24,502,2
489,25,503,1
489,26,503,2
489,27,504,1
489,28,504,2
489,29,505,1
489,30,505,2
489,31,506,1
489,32,506,2
491,1,508,1
492,1,508,2
493,1,508,3
494,1,508,4
495,1,508,5
496,1,508,6
497,1,508,7
498,1,508,8
499,1,508,9
500,1,508,10
501,1,508,11
502,1,508,12
503,1,508,13
504,1,508,14
505,1,508,15
506,1,508,16
508,1,510,1
508,2,510,2
508,3,511,1
508,4,511,2
508,5,512,1
508,6,512,2
508,7,513,1
508,8,513,2
508,9,514,1
508,10,514,2
508,11,515,1
508,12,515,2
508,13,516,1
508,14,516,2
508,15,517,1
508,16,517,2
510,1,519,1
511,1,519,2
512,1,519,3
513,1,519,4
514,1,519,5
515,1,519,6
516,1,519,7
517,1,519,8
519,1,521,1
519,2,521,2
519,3,522,1
519,4,522,2
519,5,523,1
519,6,523,2
519,7,524,1
519,8,524,2
521,1,526,1
522,1,526,2
523,1,526,3
524,1,526,4
526,1,528,1
526,2,528,2
526,3,529,1
526,4,529,2
528,1,531,1
529,1,531,2
534,1,538,1
534,2,538,2
534,3,538,3
534,4,538,4
534,5,538,5
534,6,538,6
534,7,538,7
534,8,538,8
534,9,538,9
534,10,538,10
534,11,538,11
534,12,538,12
534,13,538,13
534,14,538,14
534,15,538,15
534,16,538,16
534,17,538,17
534,18,538,18
534,19,538,19
534,20,538,20
534,21,538,21
534,22,538,22
534,23,538,23
534,24,538,24
534,25,538,25
534,26,538,26
534,27,538,27
534,28,538,28
534,29,538,29
534,30,538,30
534,31,538,31
534,32,538,32
534,33,538,33
534,34,538,34
534,35,538,35
534,36,538,36
534,37,538,37
534,38,538,38
534,39,538,39
534,40,538,40
534,41,538,41
534,42,538,42
534,43,538,43
534,44,538,44
534,45,538,45
534,46,538,46
534,47,538,47
534,48,538,48
535,3,538,49
535,4,538,50
535,5,538,51
535,6,538,52
535,7,538,53
535,8,538,54
535,9,538,55
535,10,538,56
535,11,538,57
535,12,538,58
535,13,538,59
535,14,538,60
535,15,538,61
535,16,538,62
535,17,538,63
535,18,538,64
535,19,538,65
535,20,538,66
535,21,538,67
535,22,538,68
535,23,538,69
535,24,538,70
538,1,540,1
538,2,540,2
538,3,541,1
538,4,541,2
538,5,542,1
538,6,542,2
538,7,543,1
538,8,543,2
538,9,544,1
538,10,544,2
538,11,545,1
538,12,545,2
538,13,546,1
538,14,546,2
538,15,547,1
538,16,547,2
538,17,548,1
538,18,548,2
538,19,549,1
538,20,549,2
538,21,550,1
538,22,550,2
538,23,551,1
538,24,551,2
538,25,552,1
538,26,552,2
538,27,553,1
538,28,553,2
538,29,554,1
538,30,554,2
538,31,555,1
538,32,555,2
538,33,556,1
538,34,556,2
538,35,557,1
538,36,557,2
538,37,558,1
538,38,558,2
538,39,559,1
538,40,559,2
538,41,560,1
538,42,560,2
538,43,561,1
538,44,561,2
538,45,562,1
538,46,562,2
538,47,563,1
538,48,563,2
538,49,564,1
538,50,564,2
538,51,565,1
538,52,565,2
538,53,566,1
538,54,566,2
538,55,567,1
538,56,567,2
538,57,568,1
538,58,568,2
538,59,569,1
538,60,569,2
538,61,570,1
538,62,570,2
538,63,571,1
538,64,571,2
538,65,572,1
538,66,572,2
538,67,573,1
538,68,573,2
538,69,574,1
538,70,574,2
535,1,576,1
535,2,576,2
536,8,576,3
536,9,576,4
536,10,576,5
536,11,576,6
536,12,576,7
536,13,576,8
536,14,576,9
536,15,576,10
536,16,576,11
536,17,576,12
536,18,576,13
536,19,576,14
536,20,576,15
540,1,576,16
541,1,576,17
542,1,576,18
543,1,576,19
544,1,576,20
545,1,576,21
546,1,576,22
547,1,576,23
548,1,576,24
549,1,576,25
550,1,576,26
551,1,576,27
552,1,576,28
553,1,576,29
554,1,576,30
555,1,576,31
556,1,576,32
557,1,576,33
558,1,576,34
559,1,576,35
560,1,576,36
561,1,576,37
562,1,576,38
563,1,576,39
564,1,576,40
565,1,576,41
566,1,576,42
567,1,576,43
568,1,576,44
569,1,576,45
570,1,576,46
571,1,576,47
572,1,576,48
573,1,576,49
574,1,576,50
576,1,578,1
576,2,578,2
576,3,579,1
576,4,579,2
576,5,580,1
576,6,580,2
576,7,581,1
576,8,581,2
576,9,582,1
576,10,582,2
576,11,583,1
576,12,583,2
576,13,584,1
576,14,584,2
576,15,585,1
576,16,585,2
576,17,586,1
576,18,586,2
576,19,587,1
576,20,587,2
576,21,588,1
576,22,588,2
576,23,589,1
576,24,589,2
576,25,590,1
576,26,590,2
576,27,591,1
576,28,591,2
576,29,592,1
576,30,592,2
576,31,593,1
576,32,593,2
576,33,594,1
576,34,594,2
576,35,595,1
576,36,595,2
576,37,596,1
576,38,596,2
576,39,597,1
576,40,597,2
576,41,598,1
576,42,598,2
576,43,599,1
576,44,599,2
576,45,600,1
576,46,600,2
576,47,601,1
576,48,601,2
576,49,602,1
576,50,602,2
536,1,604,1
536,2,604,2
536,3,604,3
536,4,604,4
536,5,604,5
536,6,604,6
536,7,604,7
578,1,604,8
579,1,604,9
580,1,604,10
581,1,604,11
582,1,604,12
583,1,604,13
584,1,604,14
585,1,604,15
586,1,604,16
587,1,604,17
588,1,604,18
589,1,604,19
590,1,604,20
591,1,604,21
592,1,604,22
593,1,604,23
594,1,604,24
595,1,604,25
596,1,604,26
597,1,604,27
598,1,604,28
599,1,604,29
600,1,604,30
601,1,604,31
602,1,604,32
604,1,606,1
604,2,606,2
604,3,607,1
604,4,607,2
604,5,608,1
604,6,608,2
604,7,609,1
604,8,609,2
604,9,610,1
604,10,610,2
604,11,611,1
604,12,611,2
604,13,612,1
604,14,612,2
604,15,613,1
604,16,613,2
604,17,614,1
604,18,614,2
604,19,615,1
604,20,615,2
604,21,616,1
604,22,616,2
604,23,617,1
604,24,617,2
604,25,618,1
604,26,618,2
604,27,619,1
604,28,619,2
604,29,620,1
604,30,620,2
604,31,621,1
604,32,621,2
606,1,623,1
607,1,623,2
608,1,623,3
609,1,623,4
610,1,623,5
611,1,623,6
612,1,623,7
613,1,623,8
614,1,623,9
615,1,623,10
616,1,623,11
617,1,623,12
618,1,623,13
619,1,623,14
620,1,623,15
621,1,623,16
623,1,625,1
623,2,625,2
623,3,626,1
623,4,626,2
623,5,627,1
623,6,627,2
623,7,628,1
623,8,628,2
623,9,629,1
623,10,629,2
623,11,630,1
623,12,630,2
623,13,631,1
623,14,631,2
623,15,632,1
623,16,632,2
625,1,634,1
626,1,634,2
627,1,634,3
628,1,634,4
629,1,634,5
630,1,634,6
631,1,634,7
632,1,634,8
634,1,636,1
634,2,636,2
634,3,637,1
634,4,637,2
634,5,638,1
634,6,638,2
634,7,639,1
634,8,639,2
636,1,641,1
637,1,641,2
638,1,641,3
639,1,641,4
641,1,643,1
641,2,643,2
641,3,644,1
641,4,644,2
643,1,646,1
644,1,646,2
649,0,651,1
649,0,651,2
649,0,651,3
649,0,652,1
649,0,652,2
649,0,652,3
649,0,653,1
649,0,653,2
649,0,653,3
649,0,654,1
649,0,654,2
649,0,654,3
649,0,655,1
649,0,655,2
649,0,655,3
649,0,656,1
649,0,656,2
649,0,656,3
649,0,657,1
649,0,657,2
649,0,657,3
649,0,658,1
649,0,658,2
649,0,658,3
649,0,659,1
649,0,659,2
649,0,659,3
649,0,660,1
649,0,660,2
649,0,660,3
649,0,661,1
649,0,661,2
649,0,661,3
649,0,662,1
649,0,662,2
649,0,662,3
649,0,663,1
649,0,663,2
649,0,663,3
649,0,664,1
649,0,664,2
649,0,664,3
649,0,665,1
649,0,665,2
649,0,665,3
649,0,666,1
649,0,666,2
649,0,666,3
651,1,668,1
652,1,668,2
653,1,668,3
654,1,668,4
655,1,668,5
656,1,668,6
657,1,668,7
658,1,668,8
651,2,669,1
652,2,669,2
653,2,669,3
654,2,669,4
655,2,669,5
656,2,669,6
657,2,669,7
658,2,669,8
659,1,670,1
660,1,670,2
661,1,670,3
662,1,670,4
663,1,670,5
664,1,670,6
665,1,670,7
666,1,670,8
659,2,671,1
660,2,671,2
661,2,671,3
662,2,671,4
663,2,671,5
664,2,671,6
665,2,671,7
666,2,671,8
668,0,674,1
669,0,674,2
668,0,675,1
669,0,675,2
668,0,676,1
669,0,676,2
668,0,677,1
669,0,677,2
668,0,678,1
669,0,678,2
668,0,679,1
669,0,679,2
668,0,680,1
669,0,680,2
668,0,681,1
669,0,681,2
670,0,683,1
671,0,683,2
670,0,684,1
671,0,684,2
670,0,685,1
671,0,685,2
670,0,686,1
671,0,686,2
670,0,687,1
671,0,687,2
670,0,688,1
671,0,688,2
670,0,689,1
671,0,689,2
670,0,690,1
671,0,690,2
674,1,692,1
675,1,692,2
676,1,692,3
677,1,692,4
678,1,692,5
679,1,692,6
680,1,692,7
681,1,692,8
683,1,693,1
684,1,693,2
685,1,693,3
686,1,693,4
687,1,693,5
688,1,693,6
689,1,693,7
690,1,693,8
692,0,696,1
692,0,696,2
692,0,697,1
692,0,697,2
692,0,698,1
692,0,698,2
692,0,699,1
692,0,699,2
693,0,701,1
693,0,701,2
693,0,702,1
693,0,702,2
693,0,703,1
693,0,703,2
693,0,704,1
693,0,704,2
696,1,706,1
697,1,706,2
698,1,706,3
699,1,706,4
701,1,706,5
702,1,706,6
703,1,706,7
704,1,706,8
706,0,708,1
706,0,708,2
706,0,709,1
706,0,709,2
706,0,710,1
706,0,710,2
706,0,711,1
706,0,711,2
708,1,713,1
709,1,713,2
710,1,713,3
711,1,713,4
713,0,715,1
713,0,715,2
713,0,716,1
713,0,716,2
715,1,718,1
716,1,718,2
724,6,735,1
724,3,735,2
724,5,736,1
724,4,736,2
736,1,738,1
735,1,738,2
727,6,743,1
727,3,743,2
727,5,744,1
727,4,744,2
744,1,746,1
743,1,746,2
730,7,751,1
730,4,751,2
730,6,752,1
730,5,752,2
752,1,754,1
751,1,754,2
765,1,767,1
765,2,767,2
765,3,767,3
765,4,767,4
765,5,767,5
765,6,767,6
765,7,767,7
765,8,767,8
765,9,767,9
765,10,767,10
765,11,767,11
765,12,767,12
765,13,767,13
765,14,767,14
765,15,767,15
765,16,767,16
765,17,767,17
765,18,767,18
767,1,769,1
767,2,769,2
767,3,770,1
767,4,770,2
767,5,771,1
767,6,771,2
767,7,772,1
767,8,772,2
764,1,774,1
764,2,774,2
764,3,774,3
764,4,774,4
764,5,774,5
764,6,774,6
764,7,774,7
764,8,774,8
764,9,774,9
764,10,774,10
764,11,774,11
764,12,774,12
764,13,774,13
764,14,774,14
764,15,774,15
764,16,774,16
764,17,774,17
764,18,774,18
767,9,774,19
767,10,774,20
767,11,774,21
767,12,774,22
767,13,774,23
767,14,774,24
767,15,774,25
767,16,774,26
767,17,774,27
767,18,774,28
769,1,774,29
770,1,774,30
771,1,774,31
772,1,774,32
774,1,776,1
774,2,776,2
774,3,777,1
774,4,777,2
774,5,778,1
774,6,778,2
774,7,779,1
774,8,779,2
774,9,780,1
774,10,780,2
774,11,781,1
774,12,781,2
774,13,782,1
774,14,782,2
774,15,783,1
774,16,783,2
774,17,784,1
774,18,784,2
774,19,785,1
774,20,785,2
774,21,786,1
774,22,786,2
774,23,787,1
774,24,787,2
774,25,788,1
774,26,788,2
774,27,789,1
774,28,789,2
774,29,790,1
774,30,790,2
774,31,791,1
774,32,791,2
776,1,793,1
777,1,793,2
778,1,793,3
779,1,793,4
780,1,793,5
781,1,793,6
782,1,793,7
783,1,793,8
784,1,793,9
785,1,793,10
786,1,793,11
787,1,793,12
788,1,793,13
789,1,793,14
790,1,793,15
791,1,793,16
793,1,795,1
793,2,795,2
793,3,796,1
793,4,796,2
793,5,797,1
793,6,797,2
793,7,798,1
793,8,798,2
793,9,799,1
793,10,799,2
793,11,800,1
793,12,800,2
793,13,801,1
793,14,801,2
793,15,802,1
793,16,802,2
795,1,804,1
796,1,804,2
797,1,804,3
798,1,804,4
799,1,804,5
800,1,804,6
801,1,804,7
802,1,804,8
804,1,806,1
804,2,806,2
804,3,807,1
804,4,807,2
804,5,808,1
804,6,808,2
804,7,809,1
804,8,809,2
806,1,811,1
807,1,811,2
808,1,811,3
809,1,811,4
811,1,813,1
811,2,813,2
811,3,814,1
811,4,814,2
813,1,816,1
814,1,816,2
822,4,827,1
822,5,827,2
822,3,829,1
827,1,829,2
819,16,831,1
829,1,831,2
834,1,836,1
834,4,836,2
834,2,837,1
834,3,837,2
836,2,839,1
837,2,839,2
836,1,841,1
837,1,841,2
845,1,847,1
845,2,847,2
851,1,854,1
851,2,854,2
851,3,854,3
851,4,854,4
851,5,854,5
851,6,854,6
851,7,854,7
851,8,854,8
851,9,854,9
851,10,854,10
851,11,854,11
851,12,854,12
851,13,854,13
851,14,854,14
851,15,854,15
851,16,854,16
851,17,854,17
851,18,854,18
852,1,854,19
852,2,854,20
852,3,854,21
852,4,854,22
852,5,854,23
852,6,854,24
852,7,854,25
852,8,854,26
852,9,854,27
852,10,854,28
854,1,856,1
854,2,856,2
854,3,857,1
854,4,857,2
854,5,858,1
854,6,858,2
854,7,859,1
854,8,859,2
854,9,860,1
854,10,860,2
854,11,861,1
854,12,861,2
854,13,862,1
854,14,862,2
854,15,863,1
854,16,863,2
854,17,864,1
854,18,864,2
854,19,865,1
854,20,865,2
854,21,866,1
854,22,866,2
854,23,867,1
854,24,867,2
854,25,868,1
854,26,868,2
854,27,869,1
854,28,869,2
850,1,871,1
850,2,871,2
850,3,871,3
850,4,871,4
850,5,871,5
850,6,871,6
850,7,871,7
850,8,871,8
850,9,871,9
850,10,871,10
850,11,871,11
850,12,871,12
850,13,871,13
850,14,871,14
850,15,871,15
850,16,871,16
850,17,871,17
850,18,871,18
856,1,871,19
857,1,871,20
858,1,871,21
859,1,871,22
860,1,871,23
861,1,871,24
862,1,871,25
863,1,871,26
864,1,871,27
865,1,871,28
866,1,871,29
867,1,871,30
868,1,871,31
869,1,871,32
871,1,873,1
871,2,873,2
871,3,874,1
871,4,874,2
871,5,875,1
871,6,875,2
871,7,876,1
871,8,876,2
871,9,877,1
871,10,877,2
871,11,878,1
871,12,878,2
871,13,879,1
871,14,879,2
871,15,880,1
871,16,880,2
871,17,881,1
871,18,881,2
871,19,882,1
871,20,882,2
871,21,883,1
871,22,883,2
871,23,884,1
871,24,884,2
871,25,885,1
871,26,885,2
871,27,886,1
871,28,886,2
871,29,887,1
871,30,887,2
871,31,888,1
871,32,888,2
873,1,890,1
874,1,890,2
875,1,890,3
876,1,890,4
877,1,890,5
878,1,890,6
879,1,890,7
880,1,890,8
881,1,890,9
882,1,890,10
883,1,890,11
884,1,890,12
885,1,890,13
886,1,890,14
887,1,890,15
888,1,890,16
890,1,892,1
890,2,892,2
890,3,893,1
890,4,893,2
890,5,894,1
890,6,894,2
890,7,895,1
890,8,895,2
890,9,896,1
890,10,896,2
890,11,897,1
890,12,897,2
890,13,898,1
890,14,898,2
890,15,899,1
890,16,899,2
892,1,901,1
893,1,901,2
894,1,901,3
895,1,901,4
896,1,901,5
897,1,901,6
898,1,901,7
899,1,901,8
901,1,903,1
901,2,903,2
901,3,904,1
901,4,904,2
901,5,905,1
901,6,905,2
901,7,906,1
901,8,906,2
903,1,908,1
904,1,908,2
905,1,908,3
906,1,908,4
908,1,910,1
908,2,910,2
908,3,911,1
908,4,911,2
910,1,913,1
911,1,913,2
916,16,924,1
919,3,924,2
919,16,932,1
927,3,932,2
939,10,941,2
939,7,941,1
939,8,942,1
939,9,942,2
939,1,944,1
941,1,944,2
939,2,945,1
942,1,945,2
939,3,946,1
939,5,946,2
939,4,947,1
939,6,947,2
944,1,949,1
947,1,949,2
945,1,950,1
946,1,950,2
949,1,952,1
950,1,952,2
959,1,961,1
959,4,961,2
959,3,962,1
959,2,962,2
961,1,964,1
962,1,964,2
967,9,970,1
967,10,970,2
967,11,970,3
967,12,970,4
967,13,970,5
967,14,970,6
967,15,970,7
967,16,970,8
967,17,970,9
967,18,970,10
967,19,970,11
967,20,970,12
968,1,970,13
968,2,970,14
968,3,970,15
968,4,970,16
968,5,970,17
968,6,970,18
968,7,970,19
968,8,970,20
968,9,970,21
968,10,970,22
968,11,970,23
968,12,970,24
968,13,970,25
968,14,970,26
968,15,970,27
968,16,970,28
968,17,970,29
968,18,970,30
968,19,970,31
968,20,970,32
970,0,972,1
970,0,972,2
970,0,973,1
970,0,973,2
970,0,974,1
970,0,974,2
970,0,975,1
970,0,975,2
970,0,976,1
970,0,976,2
970,0,977,1
970,0,977,2
970,0,978,1
970,0,978,2
970,0,979,1
970,0,979,2
970,0,980,1
970,0,980,2
970,0,981,1
970,0,981,2
970,0,982,1
970,0,982,2
970,0,983,1
970,0,983,2
970,0,984,1
970,0,984,2
970,0,985,1
970,0,985,2
970,0,986,1
970,0,986,2
970,0,987,1
970,0,987,2
972,1,989,1
973,1,989,2
974,1,990,1
975,1,990,2
976,1,991,1
977,1,991,2
978,1,992,1
979,1,992,2
980,1,993,1
981,1,993,2
982,1,994,1
983,1,994,2
984,1,995,1
985,1,995,2
986,1,996,1
987,1,996,2
967,1,998,1
967,2,998,2
967,3,998,3
967,4,998,4
967,5,998,5
967,6,998,6
967,7,998,7
967,8,998,8
989,1,999,1
990,1,999,2
991,1,999,3
992,1,999,4
993,1,999,5
994,1,999,6
995,1,999,7
996,1,999,8
998,0,1001,1
999,0,1001,2
998,0,1002,1
999,0,1002,2
998,0,1003,1
999,0,1003,2
998,0,1004,1
999,0,1004,2
998,0,1005,1
999,0,1005,2
998,0,1006,1
999,0,1006,2
998,0,1007,1
999,0,1007,2
998,0,1008,1
999,0,1008,2
1001,1,1010,1
1002,1,1010,2
1003,1,1011,1
1004,1,1011,2
1005,1,1012,1
1006,1,1012,2
1007,1,1013,1
1008,1,1013,2
1010,1,1015,1
1011,1,1015,2
1012,1,1016,1
1013,1,1016,2
1015,1,1018,1
1016,1,1018,2
1024,6,1029,1
1024,7,1029,2
1024,5,1030,1
1024,8,1030,2
1029,1,1032,1
1024,3,1032,2
1030,1,1033,1
1024,4,1033,2
1032,1,1035,1
1033,1,1035,2
1039,15,1041,1
1039,18,1041,2
1039,16,1042,1
1039,17,1042,2
1039,1,1044,1
1041,1,1044,2
1039,2,1045,1
1042,1,1045,2
1039,3,1046,1
1039,14,1046,2
1039,4,1047,1
1039,13,1047,2
1039,5,1048,1
1039,12,1048,2
1039,6,1049,1
1039,11,1049,2
1039,7,1050,1
1039,10,1050,2
1039,8,1051,1
1039,9,1051,2
1044,1,1053,1
1051,1,1053,2
1045,1,1054,1
1050,1,1054,2
1046,1,1055,1
1049,1,1055,2
1047,1,1056,1
1048,1,1056,2
1053,1,1058,1
1056,1,1058,2
1054,1,1059,1
1055,1,1059,2
1058,1,1061,1
1059,1,1061,2
1068,1,1070,1
1068,16,1070,2
1068,2,1071,1
1068,15,1071,2
1068,3,1072,1
1068,14,1072,2
1068,4,1073,1
1068,13,1073,2
1068,5,1074,1
1068,12,1074,2
1068,6,1075,1
1068,11,1075,2
1068,7,1076,1
1068,10,1076,2
1068,8,1077,1
1068,9,1077,2
1070,1,1079,1
1077,1,1079,2
1071,1,1080,1
1076,1,1080,2
1072,1,1081,1
1075,1,1081,2
1073,1,1082,1
1074,1,1082,2
1079,1,1084,1
1082,1,1084,2
1080,1,1085,1
1081,1,1085,2
1084,1,1087,1
1085,1,1087,2
1094,1,1096,1
1094,2,1096,2
1094,3,1096,3
1094,4,1096,4
1094,5,1096,5
1094,6,1096,6
1094,7,1096,7
1094,8,1096,8
1094,9,1096,9
1094,10,1096,10
1094,11,1096,11
1094,12,1096,12
1094,13,1096,13
1094,14,1096,14
1094,15,1097,1
1094,16,1097,2
1094,17,1097,3
1094,18,1097,4
1097,0,1099,1
1097,0,1099,2
1097,0,1100,1
1097,0,1100,2
1096,0,1102,1
1099,1,1102,2
1096,0,1103,1
1100,1,1103,2
1096,0,1104,1
1096,0,1104,2
1096,0,1105,1
1096,0,1105,2
1096,0,1106,1
1096,0,1106,2
1096,0,1107,1
1096,0,1107,2
1096,0,1108,1
1096,0,1108,2
1096,0,1109,1
1096,0,1109,2
1102,1,1111,1
1109,1,1111,2
1103,1,1112,1
1108,1,1112,2
1104,1,1113,1
1107,1,1113,2
1105,1,1114,1
1106,1,1114,2
1111,1,1116,1
1114,1,1116,2
1112,1,1117,1
1113,1,1117,2
1116,1,1119,1
1117,1,1119,2
1126,18,1128,1
1126,15,1128,2
1126,17,1129,1
1126,16,1129,2
1126,1,1131,1
1128,1,1131,2
1126,2,1132,1
1129,1,1132,2
1126,3,1133,1
1126,14,1133,2
1126,4,1134,1
1126,13,1134,2
1126,5,1135,1
1126,12,1135,2
1126,6,1136,1
1126,11,1136,2
1126,7,1137,1
1126,10,1137,2
1126,8,1138,1
1126,9,1138,2
1131,1,1140,1
1138,1,1140,2
1132,1,1141,1
1137,1,1141,2
1133,1,1142,1
1136,1,1142,2
1134,1,1143,1
1135,1,1143,2
1140,1,1145,1
1143,1,1145,2
1141,1,1146,1
1142,1,1146,2
1145,1,1148,1
1146,1,1148,2
1155,0,1157,1
1155,0,1157,2
1155,0,1158,1
1155,0,1158,2
1155,0,1159,1
1155,0,1159,2
1155,0,1160,1
1155,0,1160,2
1155,0,1161,1
1155,0,1161,2
1155,0,1162,1
1155,0,1162,2
1155,0,1163,1
1155,0,1163,2
1155,0,1164,1
1155,0,1164,2
1157,1,1166,1
1158,1,1166,2
1159,1,1166,3
1160,1,1166,4
1161,1,1166,5
1162,1,1166,6
1163,1,1166,7
1164,1,1166,8
1166,0,1168,1
1166,0,1168,2
1166,0,1169,1
1166,0,1169,2
1166,0,1170,1
1166,0,1170,2
1166,0,1171,1
1166,0,1171,2
1168,1,1173,1
1171,1,1173,2
1169,1,1174,1
1170,1,1174,2
1173,1,1176,1
1174,1,1176,2
1179,1,1181,1
1179,2,1181,2
1179,3,1181,3
1179,4,1181,4
1179,5,1181,5
1179,6,1181,6
1179,7,1182,1
1179,8,1182,2
1179,9,1182,3
1179,10,1182,4
1179,11,1182,5
1179,12,1182,6
1179,13,1182,7
1179,14,1182,8
1179,15,1182,9
1179,16,1182,10
1182,1,1186,1
1182,2,1186,2
1181,4,1188,1
1186,1,1188,2
1192,5,1194,1
1192,12,1194,2
1192,6,1195,1
1192,11,1195,2
1192,7,1196,1
1192,10,1196,2
1192,8,1197,1
1192,9,1197,2
1194,2,1199,1
1194,1,1199,2
1195,2,1200,1
1195,1,1200,2
1196,2,1201,1
1196,1,1201,2
1197,2,1202,1
1197,1,1202,2
1192,1,1204,1
1199,1,1204,2
1192,2,1205,1
1200,1,1205,2
1192,3,1206,1
1201,1,1206,2
1192,4,1207,1
1202,1,1207,2
1204,2,1209,1
1204,1,1209,2
1205,2,1210,1
1205,1,1210,2
1206,2,1211,1
1206,1,1211,2
1207,2,1212,1
1207,1,1212,2
1209,1,1214,1
1212,1,1214,2
1210,1,1215,1
1211,1,1215,2
1214,1,1217,1
1215,1,1217,2
1220,1,1222,1
1220,2,1222,2
1220,3,1222,3
1220,4,1222,4
1220,5,1222,5
1220,6,1222,6
1220,7,1223,1
1220,8,1223,2
1220,9,1223,3
1220,10,1223,4
1220,11,1223,5
1220,12,1223,6
1227,1,1229,1
1227,4,1229,2
1227,3,1230,1
1227,2,1230,2
1229,1,1232,1
1230,1,1232,2
1236,0,1239,1
1236,0,1239,2
1236,0,1240,1
1236,0,1240,2
1236,0,1241,1
1236,0,1241,2
1236,0,1242,1
1236,0,1242,2
1236,0,1243,1
1236,0,1243,2
1236,0,1244,1
1236,0,1244,2
1236,0,1245,1
1236,0,1245,2
1236,0,1246,1
1236,0,1246,2
1236,0,1247,1
1236,0,1247,2
1236,0,1248,1
1236,0,1248,2
1239,2,1250,1
1239,1,1250,2
1240,2,1251,1
1240,1,1251,2
1241,2,1252,1
1241,1,1252,2
1242,2,1253,1
1242,1,1253,2
1243,2,1254,1
1243,1,1254,2
1244,2,1255,1
1244,1,1255,2
1245,2,1256,1
1245,1,1256,2
1246,2,1257,1
1246,1,1257,2
1247,2,1258,1
1247,1,1258,2
1248,2,1259,1
1248,1,1259,2
1250,1,1261,1
1251,1,1261,2
1252,1,1261,3
1253,1,1261,4
1254,1,1261,5
1255,1,1261,6
1256,1,1261,7
1257,1,1261,8
1258,1,1261,9
1259,1,1261,10
1237,1,1261,11
1237,2,1261,12
1237,3,1261,13
1237,4,1261,14
1235,1,1261,15
1235,2,1261,16
1235,3,1261,17
1235,4,1261,18
1235,5,1261,19
1235,6,1261,20
1235,7,1261,21
1235,8,1261,22
1235,9,1261,23
1235,10,1261,24
1235,11,1261,25
1235,12,1261,26
1235,13,1261,27
1235,14,1261,28
1235,15,1261,29
1235,16,1261,30
1235,17,1261,31
1235,18,1261,32
1261,0,1263,1
1261,0,1263,2
1261,0,1264,1
1261,0,1264,2
1261,0,1265,1
1261,0,1265,2
1261,0,1266,1
1261,0,1266,2
1261,0,1267,1
1261,0,1267,2
1261,0,1268,1
1261,0,1268,2
1261,0,1269,1
1261,0,1269,2
1261,0,1270,1
1261,0,1270,2
1261,0,1271,1
1261,0,1271,2
1261,0,1272,1
1261,0,1272,2
1261,0,1273,1
1261,0,1273,2
1261,0,1274,1
1261,0,1274,2
1261,0,1275,1
1261,0,1275,2
1261,0,1276,1
1261,0,1276,2
1261,0,1277,1
1261,0,1277,2
1261,0,1278,1
1261,0,1278,2
1263,2,1280,1
1263,1,1280,2
1264,2,1281,1
1264,1,1281,2
1265,2,1282,1
1265,1,1282,2
1266,2,1283,1
1266,1,1283,2
1267,2,1284,1
1267,1,1284,2
1268,2,1285,1
1268,1,1285,2
1269,2,1286,1
1269,1,1286,2
1270,2,1287,1
1270,1,1287,2
1271,2,1288,1
1271,1,1288,2
1272,2,1289,1
1272,1,1289,2
1273,2,1290,1
1273,1,1290,2
1274,2,1291,1
1274,1,1291,2
1275,2,1292,1
1275,1,1292,2
1276,2,1293,1
1276,1,1293,2
1277,2,1294,1
1277,1,1294,2
1278,2,1295,1
1278,1,1295,2
1280,1,1297,1
1281,1,1297,2
1282,1,1297,3
1283,1,1297,4
1284,1,1297,5
1285,1,1297,6
1286,1,1297,7
1287,1,1297,8
1288,1,1297,9
1289,1,1297,10
1290,1,1297,11
1291,1,1297,12
1292,1,1297,13
1293,1,1297,14
1294,1,1297,15
1295,1,1297,16
1297,0,1299,1
1297,0,1299,2
1297,0,1300,1
1297,0,1300,2
1297,0,1301,1
1297,0,1301,2
1297,0,1302,1
1297,0,1302,2
1297,0,1303,1
1297,0,1303,2
1297,0,1304,1
1297,0,1304,2
1297,0,1305,1
1297,0,1305,2
1297,0,1306,1
1297,0,1306,2
1299,2,1308,1
1299,1,1308,2
1300,2,1309,1
1300,1,1309,2
1301,2,1310,1
1301,1,1310,2
1302,2,1311,1
1302,1,1311,2
1303,2,1312,1
1303,1,1312,2
1304,2,1313,1
1304,1,1313,2
1305,2,1314,1
1305,1,1314,2
1306,2,1315,1
1306,1,1315,2
1308,1,1317,1
1309,1,1317,2
1310,1,1317,3
1311,1,1317,4
1312,1,1317,5
1313,1,1317,6
1314,1,1317,7
1315,1,1317,8
1317,0,1319,1
1317,0,1319,2
1317,0,1320,1
1317,0,1320,2
1317,0,1321,1
1317,0,1321,2
1317,0,1322,1
1317,0,1322,2
1319,2,1324,1
1319,1,1324,2
1320,2,1325,1
1320,1,1325,2
1321,2,1326,1
1321,1,1326,2
1322,2,1327,1
1322,1,1327,2
1324,1,1329,1
1325,1,1329,2
1326,1,1330,1
1327,1,1330,2
1329,1,1332,1
1330,1,1332,2
1338,6,1343,1
1338,3,1343,2
1338,5,1344,1
1338,4,1344,2
1344,1,1346,1
1343,1,1346,2
1353,1,1355,1
1353,8,1355,2
1353,12,1355,3
1353,16,1355,4
1353,2,1356,1
1353,7,1356,2
1353,11,1356,3
1353,15,1356,4
1353,3,1357,1
1353,6,1357,2
1353,10,1357,3
1353,14,1357,4
1353,4,1358,1
1353,5,1358,2
1353,9,1358,3
1353,13,1358,4
1355,1,1360,1
1358,2,1360,2
1355,2,1361,1
1358,1,1361,2
1356,1,1362,1
1357,2,1362,2
1356,2,1363,1
1357,1,1363,2
1360,1,1365,1
1363,1,1365,2
1361,1,1366,1
1362,1,1366,2
1365,1,1368,1
1366,1,1368,2
1375,5,1377,1
1375,12,1377,2
1375,6,1378,1
1375,11,1378,2
1375,7,1379,1
1375,10,1379,2
1375,8,1380,1
1375,9,1380,2
1375,1,1382,1
1377,1,1382,2
1375,2,1383,1
1378,1,1383,2
1375,3,1384,1
1379,1,1384,2
1375,4,1385,1
1380,1,1385,2
1382,1,1387,1
1385,1,1387,2
1383,1,1388,1
1384,1,1388,2
1387,1,1390,1
1388,1,1390,2
1393,1,1395,1
1393,2,1395,2
1393,3,1395,3
1393,4,1395,4
1393,5,1395,5
1393,6,1395,6
1393,7,1396,1
1393,8,1396,2
1393,9,1396,3
1393,10,1396,4
1393,11,1396,5
1393,12,1396,6
1400,14,1402,1
1400,19,1402,2
1400,15,1403,1
1400,18,1403,2
1400,16,1404,1
1400,17,1404,2
1400,1,1406,1
1402,1,1406,2
1400,2,1407,1
1403,1,1407,2
1400,3,1408,1
1404,1,1408,2
1400,4,1409,1
1400,13,1409,2
1400,5,1410,1
1400,12,1410,2
1400,6,1411,1
1400,11,1411,2
1400,7,1412,1
1400,10,1412,2
1400,8,1413,1
1400,9,1413,2
1406,1,1415,1
1413,1,1415,2
1407,1,1416,1
1412,1,1416,2
1408,1,1417,1
1411,1,1417,2
1409,1,1418,1
1410,1,1418,2
1415,1,1420,1
1418,1,1420,2
1416,1,1421,1
1417,1,1421,2
1420,1,1423,1
1421,1,1423,2
1443,0,1445,1
1443,0,1445,2
1443,0,1445,3
1443,0,1445,4
1443,0,1445,5
1443,0,1445,6
1443,0,1445,7
1443,0,1445,8
1443,0,1445,9
1443,0,1445,10
1443,0,1445,11
1443,0,1445,12
1443,0,1445,13
1443,0,1445,14
1443,0,1445,15
1443,0,1445,16
1443,0,1445,17
1443,0,1445,18
1443,0,1445,19
1443,0,1445,20
1443,0,1445,21
1443,0,1445,22
1443,0,1445,23
1443,0,1445,24
1443,0,1445,25
1443,0,1445,26
1445,1,1447,1
1445,2,1447,2
1445,3,1448,1
1445,4,1448,2
1445,5,1449,1
1445,6,1449,2
1445,7,1450,1
1445,8,1450,2
1445,9,1451,1
1445,10,1451,2
1445,11,1452,1
1445,12,1452,2
1445,13,1453,1
1445,14,1453,2
1445,15,1454,1
1445,16,1454,2
1445,17,1455,1
1445,18,1455,2
1445,19,1456,1
1445,20,1456,2
1455,1,1458,1
1447,1,1458,2
1456,1,1459,1
1448,1,1459,2
1445,21,1460,1
1449,1,1460,2
1445,22,1461,1
1450,1,1461,2
1445,23,1462,1
1451,1,1462,2
1445,24,1463,1
1452,1,1463,2
1445,25,1464,1
1453,1,1464,2
1445,26,1465,1
1454,1,1465,2
1458,1,1467,1
1464,1,1467,2
1460,1,1468,1
1463,1,1468,2
1459,1,1469,1
1465,1,1469,2
1462,1,1470,1
1461,1,1470,2
1468,1,1472,2
1467,1,1472,1
1469,1,1473,1
1470,1,1473,2
1472,1,1475,1
1473,1,1475,2
1478,4,1481,1
1478,5,1481,2
1479,4,1482,1
1479,5,1482,2
1478,3,1483,1
1478,6,1483,2
1479,3,1484,1
1479,6,1484,2
1478,2,1485,1
1478,7,1485,2
1479,2,1486,1
1479,7,1486,2
1478,1,1488,1
1481,1,1488,2
1483,1,1489,1
1485,1,1489,2
1479,1,1490,1
1482,1,1490,2
1484,1,1491,1
1486,1,1491,2
1488,1,1494,1
1488,2,1494,2
1489,1,1495,1
1489,2,1495,2
1490,1,1497,1
1490,2,1497,2
1491,1,1498,1
1491,2,1498,2
1494,1,1500,1
1495,1,1500,2
1497,1,1501,1
1498,1,1501,2
1500,1,1503,1
1500,2,1503,2
1501,1,1504,1
1501,2,1504,2
1503,1,1506,1
1504,1,1506,2
1506,1,1508,1
1506,2,1508,2
1511,1,1513,1
1511,8,1513,2
1511,2,1514,1
1511,7,1514,2
1511,3,1515,1
1511,6,1515,2
1511,4,1516,1
1511,5,1516,2
1513,1,1518,1
1514,1,1518,2
1515,1,1518,3
1516,1,1518,4
1518,1,1520,1
1518,4,1520,2
1518,2,1521,1
1518,3,1521,2
1520,1,1523,1
1521,1,1523,2
1529,1,1531,1
1529,5,1531,2
1529,9,1531,3
1529,13,1531,4
1529,2,1532,1
1529,6,1532,2
1529,10,1532,3
1529,14,1532,4
1529,3,1533,1
1529,7,1533,2
1529,11,1533,3
1529,15,1533,4
1529,4,1534,1
1529,8,1534,2
1529,12,1534,3
1529,16,1534,4
1531,1,1536,1
1532,1,1536,2
1533,1,1536,3
1534,1,1536,4
1531,2,1537,1
1532,2,1537,2
1533,2,1537,3
1534,2,1537,4
1536,0,1539,1
1537,0,1539,2
1536,0,1540,1
1537,0,1540,2
1536,0,1541,1
1537,0,1541,2
1536,0,1542,1
1537,0,1542,2
1539,1,1544,1
1542,1,1544,2
1540,1,1545,1
1541,1,1545,2
1544,1,1547,1
1545,1,1547,2
1551,3,1553,1
1551,6,1553,2
1551,4,1554,1
1551,5,1554,2
1553,1,1556,1
1554,1,1556,2
1551,1,1558,1
1556,2,1558,2
1551,2,1559,1
1556,1,1559,2
1558,1,1561,1
1559,1,1561,2
1561,1,1563,1
1561,2,1563,2
1571,1,1573,1
1571,4,1573,2
1571,2,1574,1
1571,3,1574,2
1573,1,1576,1
1574,1,1576,2
1580,1,1582,1
1580,2,1582,2
1580,3,1582,3
1580,4,1582,4
1580,5,1582,5
1580,6,1582,6
1580,7,1583,1
1580,8,1583,2
1580,9,1583,3
1580,10,1583,4
1580,11,1583,5
1580,12,1583,6
1599,0,1601,1
1599,0,1601,2
1599,0,1602,1
1599,0,1602,2
1599,0,1603,1
1599,0,1603,2
1599,0,1604,1
1599,0,1604,2
1598,1,1606,1
1598,2,1606,2
1598,3,1606,3
1598,4,1606,4
1598,5,1606,5
1598,6,1606,6
1598,7,1606,7
1598,8,1606,8
1598,9,1606,9
1598,10,1606,10
1598,11,1606,11
1598,12,1606,12
1598,13,1606,13
1598,14,1606,14
1598,15,1606,15
1598,16,1606,16
1598,17,1606,17
1598,18,1606,18
1598,19,1606,19
1598,20,1606,20
1598,21,1606,21
1598,22,1606,22
1598,23,1606,23
1598,24,1606,24
1598,25,1606,25
1598,26,1606,26
1598,27,1606,27
1598,28,1606,28
1601,1,1606,29
1602,1,1606,30
1603,1,1606,31
1604,1,1606,32
1601,2,1607,1
1602,2,1607,2
1603,2,1607,3
1604,2,1607,4
1606,1,1609,1
1606,9,1609,2
1606,17,1609,3
1606,25,1609,4
1606,2,1610,1
1606,10,1610,2
1606,18,1610,3
1606,26,1610,4
1606,3,1611,1
1606,11,1611,2
1606,19,1611,3
1606,27,1611,4
1606,4,1612,1
1606,12,1612,2
1606,20,1612,3
1606,28,1612,4
1606,5,1613,1
1606,13,1613,2
1606,21,1613,3
1606,29,1613,4
1606,6,1614,1
1606,14,1614,2
1606,22,1614,3
1606,30,1614,4
1606,7,1615,1
1606,15,1615,2
1606,23,1615,3
1606,31,1615,4
1606,8,1616,1
1606,16,1616,2
1606,24,1616,3
1606,32,1616,4
1609,1,1618,1
1609,2,1618,2
1609,3,1618,3
1609,4,1618,4
1610,1,1619,1
1610,2,1619,2
1610,3,1619,3
1610,4,1619,4
1611,1,1620,1
1611,2,1620,2
1611,3,1620,3
1611,4,1620,4
1612,1,1621,1
1612,2,1621,2
1612,3,1621,3
1612,4,1621,4
1613,1,1622,1
1613,2,1622,2
1613,3,1622,3
1613,4,1622,4
1614,1,1623,1
1614,2,1623,2
1614,3,1623,3
1614,4,1623,4
1615,1,1624,1
1615,2,1624,2
1615,3,1624,3
1615,4,1624,4
1616,1,1625,1
1616,2,1625,2
1616,3,1625,3
1616,4,1625,4
1618,1,1627,1
1619,1,1627,2
1620,1,1627,3
1621,1,1627,4
1622,1,1627,5
1623,1,1627,6
1624,1,1627,7
1625,1,1627,8
1618,2,1628,1
1619,2,1628,2
1620,2,1628,3
1621,2,1628,4
1622,2,1628,5
1623,2,1628,6
1624,2,1628,7
1625,2,1628,8
1618,3,1629,1
1619,3,1629,2
1620,3,1629,3
1621,3,1629,4
1622,3,1629,5
1623,3,1629,6
1624,3,1629,7
1625,3,1629,8
1628,0,1631,1
1627,0,1631,2
1628,0,1632,1
1627,0,1632,2
1628,0,1633,1
1627,0,1633,2
1628,0,1634,1
1627,0,1634,2
1628,0,1635,1
1627,0,1635,2
1628,0,1636,1
1627,0,1636,2
1628,0,1637,1
1627,0,1637,2
1628,0,1638,1
1627,0,1638,2
1631,1,1640,1
1632,1,1640,2
1633,1,1640,3
1634,1,1640,4
1635,1,1640,5
1636,1,1640,6
1637,1,1640,7
1638,1,1640,8
1640,0,1642,1
1640,0,1642,2
1640,0,1643,1
1640,0,1643,2
1640,0,1644,1
1640,0,1644,2
1640,0,1645,1
1640,0,1645,2
1642,1,1647,1
1643,1,1647,2
1644,1,1647,3
1645,1,1647,4
1647,4,1649,1
1647,1,1649,2
1647,3,1650,1
1647,2,1650,2
1649,1,1652,1
1650,1,1652,2
1652,1,1654,2
1652,2,1654,1
1657,1,1660,1
1657,2,1660,2
1657,3,1660,3
1657,4,1660,4
1657,5,1660,5
1657,6,1660,6
1657,7,1660,7
1657,8,1660,8
1657,9,1660,9
1657,10,1660,10
1657,11,1660,11
1657,12,1660,12
1658,1,1660,13
1658,2,1660,14
1658,3,1660,15
1658,4,1660,16
1658,5,1660,17
1658,6,1660,18
1658,7,1660,19
1658,8,1660,20
1658,9,1660,21
1658,10,1660,22
1658,11,1660,23
1658,12,1660,24
1658,13,1660,25
1658,14,1660,26
1658,15,1660,27
1658,16,1660,28
1607,0,1660,29
1607,0,1660,30
1607,0,1660,31
1607,0,1660,32
1660,1,1662,1
1660,9,1662,2
1660,17,1662,3
1660,25,1662,4
1660,2,1663,1
1660,10,1663,2
1660,18,1663,3
1660,26,1663,4
1660,3,1664,1
1660,11,1664,2
1660,19,1664,3
1660,27,1664,4
1660,4,1665,1
1660,12,1665,2
1660,20,1665,3
1660,28,1665,4
1660,5,1666,1
1660,13,1666,2
1660,21,1666,3
1660,29,1666,4
1660,6,1667,1
1660,14,1667,2
1660,22,1667,3
1660,30,1667,4
1660,7,1668,1
1660,15,1668,2
1660,23,1668,3
1660,31,1668,4
1660,8,1669,1
1660,16,1669,2
1660,24,1669,3
1660,32,1669,4
1662,1,1671,1
1662,2,1671,2
1662,3,1671,3
1662,4,1671,4
1663,1,1672,1
1663,2,1672,2
1663,3,1672,3
1663,4,1672,4
1664,1,1673,1
1664,2,1673,2
1664,3,1673,3
1664,4,1673,4
1665,1,1674,1
1665,2,1674,2
1665,3,1674,3
1665,4,1674,4
1666,1,1675,1
1666,2,1675,2
1666,3,1675,3
1666,4,1675,4
1667,1,1676,1
1667,2,1676,2
1667,3,1676,3
1667,4,1676,4
1668,1,1677,1
1668,2,1677,2
1668,3,1677,3
1668,4,1677,4
1669,1,1678,1
1669,2,1678,2
1669,3,1678,3
1669,4,1678,4
1671,2,1680,1
1672,2,1680,2
1673,2,1680,3
1674,2,1680,4
1675,2,1680,5
1676,2,1680,6
1677,2,1680,7
1678,2,1680,8
1629,1,1681,1
1629,2,1681,2
1629,3,1681,3
1629,4,1681,4
1629,5,1681,5
1629,6,1681,6
1629,7,1681,7
1629,8,1681,8
1680,0,1683,1
1681,0,1683,2
1680,0,1684,1
1681,0,1684,2
1680,0,1685,1
1681,0,1685,2
1680,0,1686,1
1681,0,1686,2
1680,0,1687,1
1681,0,1687,2
1680,0,1688,1
1681,0,1688,2
1680,0,1689,1
1681,0,1689,2
1680,0,1690,1
1681,0,1690,2
1671,1,1692,1
1672,1,1692,2
1673,1,1692,3
1674,1,1692,4
1675,1,1692,5
1676,1,1692,6
1677,1,1692,7
1678,1,1692,8
1683,1,1693,1
1684,1,1693,2
1685,1,1693,3
1686,1,1693,4
1687,1,1693,5
1688,1,1693,6
1689,1,1693,7
1690,1,1693,8
1692,0,1695,1
1693,0,1695,2
1692,0,1696,1
1693,0,1696,2
1692,0,1697,1
1693,0,1697,2
1692,0,1698,1
1693,0,1698,2
1692,0,1699,1
1693,0,1699,2
1692,0,1700,1
1693,0,1700,2
1692,0,1701,1
1693,0,1701,2
1692,0,1702,1
1693,0,1702,2
1695,1,1704,1
1696,1,1704,2
1697,1,1704,3
1698,1,1704,4
1699,1,1704,5
1700,1,1704,6
1701,1,1704,7
1702,1,1704,8
1704,0,1706,1
1704,0,1706,2
1704,0,1707,1
1704,0,1707,2
1704,0,1708,1
1704,0,1708,2
1704,0,1709,1
1704,0,1709,2
1706,1,1711,1
1707,1,1711,2
1708,1,1711,3
1709,1,1711,4
1711,0,1713,1
1711,0,1713,2
1711,0,1714,1
1711,0,1714,2
1713,1,1716,1
1714,1,1716,2
1720,0,1722,1
1720,0,1722,2
1720,0,1722,3
1720,0,1722,4
1720,0,1722,5
1720,0,1722,6
1720,0,1722,7
1720,0,1722,8
1720,0,1722,9
1720,0,1722,10
1720,0,1722,11
1720,0,1722,12
1720,0,1722,13
1720,0,1722,14
1720,0,1723,1
1720,0,1723,2
1720,0,1723,3
1720,0,1723,4
1720,0,1723,5
1720,0,1723,6
1720,0,1723,7
1720,0,1723,8
1720,0,1723,9
1720,0,1723,10
1720,0,1723,11
1720,0,1723,12
1720,0,1723,13
1720,0,1723,14
1722,1,1725,1
1723,4,1725,2
1722,2,1726,1
1723,3,1726,2
1723,1,1727,1
1722,4,1727,2
1723,2,1728,1
1722,3,1728,2
1725,1,1730,1
1728,1,1730,2
1726,1,1731,1
1727,1,1731,2
1730,1,1733,1
1731,1,1733,2
1751,1,1753,1
1751,2,1753,2
1751,3,1753,3
1751,4,1753,4
1751,5,1754,1
1751,6,1754,2
1751,7,1754,3
1751,8,1754,4
1751,9,1755,1
1751,10,1755,2
1751,11,1755,3
1751,12,1755,4
1753,3,1757,1
1754,3,1757,2
1755,3,1757,3
1753,1,1759,1
1757,1,1759,2
1754,1,1760,1
1753,2,1760,2
1755,1,1761,1
1757,2,1761,2
1754,2,1762,1
1755,2,1762,2
1759,1,1764,1
1760,1,1764,2
1761,1,1765,1
1762,1,1765,2
1764,1,1767,1
1765,1,1767,2
