1
54
75
88
91
174
237
295
320
338
344
351
373
379
384
402
408
413
416
532
646
718
721
724
727
730
738
746
754
758
761
816
819
822
832
837
903
906
909
914
917
922
926
942
946
954
1008
1011
1014
1026
1051
1055
1077
1081
1109
1113
1138
1142
1166
1172
1179
1207
1214
1222
1322
1325
1328
1336
1340
1358
1362
1380
1386
1388
1390
1392
1394
1396
1400
1435
1468
1483
1486
1508
1524
1528
1537
1544
1547
1549
1552
1555
1614
1677
1693
1696
1702
1705
1708
