DatePlayed,KickOffTime,HomeTeamId,AwayTeamId
20240823,1930,23,32
20240824,1430,169,1831
20240824,1430,100409,38
20240824,1430,10029,576
20240824,1430,25,36
20240824,1430,112172,160
20240824,1730,22,1824
20240825,1430,175,21
20240825,1630,110329,111235
20240830,1930,1831,110329
20240831,1430,1824,10029
20240831,1430,36,169
20240831,1430,160,23
20240831,1430,38,22
20240831,1430,576,175
20240831,1730,32,112172
20240901,1430,111235,100409
20240901,1630,21,25
20240913,1930,22,111235
20240914,1430,23,36
20240914,1430,10029,32
20240914,1430,25,160
20240914,1430,175,1824
20240914,1430,112172,1831
20240914,1730,576,21
20240915,1430,100409,110329
20240915,1630,169,38
20240920,1930,100409,169
20240921,1430,1831,10029
20240921,1430,38,21
20240921,1430,160,576
20240921,1430,111235,25
20240921,1730,1824,23
20240922,1430,32,175
20240922,1630,36,22
20240922,1830,110329,112172
20240927,1930,22,160
20240928,1430,23,1831
20240928,1430,169,111235
20240928,1430,175,36
20240928,1430,25,110329
20240928,1430,112172,100409
20240928,1730,21,32
20240929,1430,576,1824
20240929,1630,10029,38
20241004,1930,38,25
20241005,1430,110329,169
20241005,1430,160,175
20241005,1430,32,576
20241005,1430,100409,23
20241005,1630,1831,22
20241006,1430,111235,112172
20241006,1630,36,10029
20241006,1830,1824,21
20241018,1930,21,36
20241019,1430,22,110329
20241019,1430,169,112172
20241019,1430,175,38
20241019,1430,25,100409
20241019,1430,576,1831
20241019,1630,32,1824
20241020,1430,10029,160
20241020,1630,23,111235
20241025,1930,110329,175
20241026,1430,36,576
20241026,1430,160,21
20241026,1430,38,32
20241026,1430,100409,22
20241026,1430,169,23
20241026,1630,112172,25
20241027,1430,111235,10029
20241027,1630,1831,1824
20241101,1930,32,36
20241102,1430,23,38
20241102,1430,21,1831
20241102,1430,25,169
20241102,1430,175,100409
20241102,1630,22,112172
20241103,1430,576,111235
20241103,1630,10029,110329
20241103,1830,1824,160
20241108,1930,1831,25
20241109,1430,169,22
20241109,1430,38,576
20241109,1430,110329,21
20241109,1430,160,32
20241109,1630,112172,23
20241110,1430,111235,175
20241110,1630,100409,10029
20241110,1830,36,1824
20241122,1930,10029,112172
20241123,1430,576,169
20241123,1430,36,160
20241123,1430,32,111235
20241123,1430,21,100409
20241123,1430,23,110329
20241123,1630,22,25
20241124,1430,175,1831
20241124,1630,1824,38
20241129,1930,25,23
20241130,1430,38,36
20241130,1430,110329,576
20241130,1430,100409,160
20241130,1430,1831,32
20241130,1430,112172,175
20241130,1630,22,21
20241201,1430,169,10029
20241201,1630,111235,1824
20241206,1930,21,111235
20241207,1430,32,110329
20241207,1430,175,169
20241207,1430,36,1831
20241207,1430,160,38
20241207,1430,576,112172
20241207,1630,23,22
20241208,1430,1824,100409
20241208,1630,10029,25
20241213,1930,110329,38
20241214,1430,23,576
20241214,1430,100409,32
20241214,1430,169,21
20241214,1430,1831,160
20241214,1630,25,175
20241215,1430,111235,36
20241215,1630,22,10029
20241215,1830,112172,1824
20241220,1930,576,100409
20241221,1430,10029,23
20241221,1430,175,22
20241221,1430,160,111235
20241221,1430,36,110329
20241221,1430,1824,169
20241221,1630,21,112172
20241222,1430,38,1831
20241222,1630,32,25
20250110,1930,169,160
20250111,1430,100409,36
20250111,1430,25,576
20250111,1430,10029,175
20250111,1430,110329,1824
20250111,1430,112172,38
20250111,1630,22,32
20250112,1430,111235,1831
20250112,1630,23,21
20250114,1730,160,110329
20250114,1930,32,169
20250114,1930,1831,100409
20250115,1730,1824,25
20250115,1730,36,112172
20250115,1930,175,23
20250115,1930,576,22
20250115,1930,38,111235
20250115,1930,21,10029
20250117,1930,1831,169
20250118,1430,32,23
20250118,1430,21,175
20250118,1430,1824,22
20250118,1430,576,10029
20250118,1430,160,112172
20250118,1630,36,25
20250119,1430,111235,110329
20250119,1630,38,100409
20250124,1930,23,160
20250125,1430,22,38
20250125,1430,169,36
20250125,1430,25,21
20250125,1430,175,576
20250125,1430,110329,1831
20250125,1630,112172,32
20250126,1430,10029,1824
20250126,1630,100409,111235
20250131,1930,38,169
20250201,1430,110329,100409
20250201,1430,160,25
20250201,1430,1831,112172
20250201,1430,21,576
20250201,1630,36,23
20250202,1430,1824,175
20250202,1630,32,10029
20250202,1830,111235,22
20250207,1930,576,160
20250208,1430,175,32
20250208,1430,169,100409
20250208,1430,21,38
20250208,1430,112172,110329
20250208,1630,22,36
20250209,1430,10029,1831
20250209,1630,25,111235
20250209,1830,23,1824
20250214,1930,110329,25
20250215,1430,36,175
20250215,1430,160,22
20250215,1430,1831,23
20250215,1430,100409,112172
20250215,1630,32,21
20250216,1430,1824,576
20250216,1430,38,10029
20250216,1630,111235,169
20250221,1930,169,110329
20250222,1430,23,100409
20250222,1430,22,1831
20250222,1430,25,38
20250222,1430,576,32
20250222,1630,175,160
20250223,1430,112172,111235
20250223,1630,10029,36
20250223,1830,21,1824
20250228,1930,100409,25
20250301,1430,1831,576
20250301,1430,38,175
20250301,1430,110329,22
20250301,1430,112172,169
20250301,1630,36,21
20250302,1430,1824,32
20250302,1630,111235,23
20250302,1830,160,10029
20250307,1930,23,169
20250308,1430,22,100409
20250308,1430,21,160
20250308,1430,32,38
20250308,1430,175,110329
20250308,1430,576,36
20250308,1630,25,112172
20250309,1430,1824,1831
20250309,1630,10029,111235
20250314,1930,169,25
20250315,1430,1831,21
20250315,1430,100409,175
20250315,1430,38,23
20250315,1430,36,32
20250315,1630,112172,22
20250316,1430,111235,576
20250316,1630,160,1824
20250316,1830,110329,10029
20250328,1930,576,38
20250329,1430,10029,100409
20250329,1430,25,1831
20250329,1430,175,111235
20250329,1430,32,160
20250329,1430,1824,36
20250329,1630,23,112172
20250330,1430,22,169
20250330,1630,21,110329
20250404,1930,111235,32
20250405,1430,112172,10029
20250405,1430,1831,175
20250405,1430,169,576
20250405,1430,160,36
20250405,1430,25,22
20250405,1630,100409,21
20250406,1430,38,1824
20250406,1630,110329,23
20250411,1930,576,110329
20250412,1430,175,112172
20250412,1430,160,100409
20250412,1430,36,38
20250412,1430,32,1831
20250412,1430,23,25
20250412,1630,21,22
20250413,1430,1824,111235
20250413,1630,10029,169
20250418,1930,169,175
20250419,1430,1831,36
20250419,1430,38,160
20250419,1430,110329,32
20250419,1430,112172,576
20250419,1630,22,23
20250420,1430,100409,1824
20250420,1630,25,10029
20250420,1830,111235,21
20250425,1930,38,110329
20250426,1430,10029,22
20250426,1430,175,25
20250426,1430,36,111235
20250426,1430,32,100409
20250426,1430,1824,112172
20250426,1430,21,169
20250426,1630,160,1831
20250427,1630,576,23
20250502,1930,100409,576
20250503,1430,1831,38
20250503,1430,22,175
20250503,1430,25,32
20250503,1430,110329,36
20250503,1630,112172,21
20250504,1430,111235,160
20250504,1630,169,1824
20250504,1830,23,10029
20250509,1930,576,25
20250510,1430,38,112172
20250510,1430,160,169
20250510,1430,36,100409
20250510,1430,21,23
20250510,1630,32,22
20250511,1430,1824,110329
20250511,1630,175,10029
20250511,1830,1831,111235
20250517,1430,169,32
20250517,1430,100409,1831
20250517,1430,23,175
20250517,1430,22,576
20250517,1430,110329,160
20250517,1430,25,1824
20250517,1430,10029,21
20250517,1430,111235,38
20250517,1430,112172,36
