1
54
75
88
91
174
237
295
320
338
344
351
373
379
384
402
408
413
416
532
647
719
722
725
728
731
739
747
755
759
762
817
820
823
832
843
848
914
917
920
925
928
933
937
953
957
965
1019
1022
1025
1037
1062
1066
1088
1092
1120
1124
1149
1153
1177
1183
1190
1218
1225
1233
1333
1336
1339
1347
1351
1369
1373
1391
1398
1424
1427
1429
1431
1433
1435
1437
1441
1476
1509
1524
1527
1549
1565
1569
1578
1585
1588
1590
1593
1596
1655
1718
1734
1737
1743
1746
1749
