6,1,9,1
6,2,9,2
6,3,9,3
6,4,9,4
6,5,9,5
6,6,9,6
6,7,10,1
6,8,10,2
6,9,10,3
6,10,10,4
6,11,10,5
6,12,10,6
6,13,11,1
6,14,11,2
6,15,11,3
6,16,11,4
6,17,11,5
6,18,11,6
6,19,11,7
6,20,11,8
6,21,11,9
6,22,11,10
7,1,12,1
3,1,13,1
3,2,13,2
4,1,14,1
4,2,14,2
5,1,15,1
5,2,15,2
9,0,17,1
10,0,17,2
11,0,17,3
14,0,17,4
9,0,18,1
11,0,18,2
14,0,18,3
15,0,18,4
9,0,19,1
10,0,19,2
11,0,19,3
13,0,19,4
9,0,20,1
10,0,20,2
13,0,20,3
11,0,20,4
9,0,21,1
11,0,21,2
11,0,21,3
15,0,21,4
12,0,22,1
9,0,22,2
10,0,22,3
11,0,22,4
17,1,24,1
17,2,24,2
17,3,24,3
17,4,24,4
18,1,25,1
18,2,25,2
18,3,25,3
18,4,25,4
19,1,26,1
19,2,26,2
19,3,26,3
19,4,26,4
20,1,27,1
20,2,27,2
20,3,27,3
20,4,27,4
21,1,28,1
21,2,28,2
21,3,28,3
21,4,28,4
22,1,29,1
22,2,29,2
22,3,29,3
22,4,29,4
24,3,31,1
25,3,31,2
26,3,31,3
27,3,31,4
28,3,31,5
29,3,31,6
24,2,33,1
26,2,33,2
25,1,34,1
31,1,34,2
27,1,35,1
31,2,35,2
24,1,36,1
31,3,36,2
25,2,37,1
29,1,37,2
29,2,38,1
28,2,38,2
26,1,39,1
31,4,39,2
28,1,40,1
27,2,40,2
33,1,42,1
34,1,42,2
35,1,43,1
36,1,43,2
37,1,44,1
38,1,44,2
39,1,45,1
40,1,45,2
42,1,47,1
43,1,47,2
44,1,48,1
45,1,48,2
47,2,50,1
48,2,50,2
47,1,52,1
48,1,52,2
56,0,61,1
57,0,61,2
58,0,61,3
59,0,61,4
56,0,62,1
57,0,62,2
58,0,62,3
59,0,62,4
56,0,63,1
57,0,63,2
58,0,63,3
59,0,63,4
56,0,64,1
57,0,64,2
58,0,64,3
59,0,64,4
61,1,66,1
62,2,66,2
63,1,67,1
64,2,67,2
62,1,68,1
61,2,68,2
64,1,69,1
63,2,69,2
66,1,71,1
67,1,71,2
68,1,72,1
69,1,72,2
71,1,74,1
72,1,74,2
77,0,81,1
78,0,81,2
78,0,81,3
79,0,81,4
79,0,81,5
77,0,82,1
77,0,82,2
77,0,82,3
77,0,82,4
77,0,82,5
78,0,83,1
78,0,83,2
78,0,83,3
78,0,83,4
78,0,83,5
78,0,83,6
79,0,83,7
79,0,83,8
79,0,83,9
79,0,83,10
79,0,83,11
79,0,83,12
83,0,85,1
83,0,85,2
83,0,85,3
83,0,85,4
83,0,85,5
83,0,85,6
83,0,85,7
83,0,85,8
83,0,85,9
81,1,87,1
81,2,87,2
81,3,87,3
81,4,87,4
81,5,87,5
96,1,98,1
96,2,98,2
96,3,98,3
96,4,98,4
96,5,98,5
96,6,98,6
96,7,98,7
96,8,98,8
98,1,100,1
98,2,100,2
98,3,100,3
98,4,100,4
98,5,101,1
98,6,101,2
98,7,101,3
98,8,101,4
95,0,103,1
95,0,103,2
95,0,103,3
95,0,103,4
95,0,103,5
95,0,103,6
95,0,103,7
95,0,103,8
95,0,103,9
95,0,103,10
95,0,103,11
95,0,103,12
95,0,103,13
95,0,103,14
95,0,103,15
95,0,103,16
103,5,105,1
103,6,105,2
103,7,105,3
103,8,105,4
103,9,105,5
103,10,105,6
103,11,106,1
103,12,106,2
103,13,106,3
103,14,106,4
103,15,106,5
103,16,106,6
100,0,108,1
101,0,108,2
100,0,109,1
101,0,109,2
100,0,110,1
101,0,110,2
100,0,111,1
101,0,111,2
106,0,112,1
105,0,112,2
106,0,113,1
105,0,113,2
106,0,114,1
105,0,114,2
106,0,115,1
105,0,115,2
106,0,116,1
105,0,116,2
106,0,117,1
105,0,117,2
103,1,119,1
103,2,119,2
103,3,119,3
103,4,119,4
112,1,119,5
113,1,119,6
114,1,119,7
115,1,119,8
116,1,119,9
117,1,119,10
119,1,121,1
119,2,121,2
119,3,121,3
119,4,121,4
119,5,121,5
119,6,122,1
119,7,122,2
119,8,122,3
119,9,122,4
119,10,122,5
122,0,124,1
121,0,124,2
122,0,125,1
121,0,125,2
122,0,126,1
121,0,126,2
122,0,127,1
121,0,127,2
122,0,128,1
121,0,128,2
108,1,129,1
109,1,129,2
110,1,130,1
111,1,130,2
93,1,132,1
94,1,133,1
94,2,133,2
94,3,133,3
94,4,133,4
94,5,133,5
94,6,133,6
94,7,133,7
94,8,133,8
94,9,133,9
94,10,133,10
94,11,133,11
94,12,133,12
94,13,133,13
94,14,133,14
94,15,133,15
94,16,133,16
94,17,133,17
94,18,133,18
94,19,133,19
94,20,133,20
94,21,133,21
94,22,133,22
94,23,133,23
94,24,133,24
94,25,133,25
94,26,133,26
94,27,133,27
94,28,133,28
124,1,133,29
125,1,133,30
126,1,133,31
127,1,133,32
128,1,133,33
129,1,133,34
130,1,133,35
132,1,135,1
133,1,135,2
133,2,135,3
133,3,135,4
133,4,135,5
133,5,135,6
133,6,135,7
133,7,135,8
133,8,135,9
133,9,135,10
133,10,135,11
133,11,135,12
133,12,135,13
133,13,135,14
133,14,135,15
133,15,135,16
133,16,135,17
133,17,135,18
133,18,135,19
133,19,135,20
133,20,135,21
133,21,135,22
133,22,135,23
133,23,135,24
133,24,135,25
133,25,135,26
133,26,135,27
133,27,135,28
133,28,135,29
133,29,135,30
133,30,135,31
133,31,135,32
133,32,135,33
133,33,135,34
133,34,135,35
133,35,135,36
135,9,137,1
135,10,137,2
135,11,137,3
135,12,137,4
135,13,137,5
135,14,137,6
135,15,137,7
135,16,137,8
135,17,138,1
135,18,138,2
135,19,138,3
135,20,138,4
135,21,138,5
135,22,138,6
135,23,138,7
135,24,138,8
138,0,140,1
137,1,140,2
138,0,141,1
137,2,141,2
138,0,142,1
137,3,142,2
138,0,143,1
137,4,143,2
138,0,144,1
137,5,144,2
138,0,145,1
137,6,145,2
138,0,146,1
137,7,146,2
138,0,147,1
137,8,147,2
135,1,149,1
135,2,149,2
135,3,149,3
135,4,149,4
135,5,149,5
135,6,149,6
135,7,149,7
135,8,149,8
140,1,150,1
141,1,150,2
142,1,150,3
143,1,150,4
144,1,150,5
145,1,150,6
146,1,150,7
147,1,150,8
150,0,152,1
149,0,152,2
150,0,153,1
149,0,153,2
150,0,154,1
149,0,154,2
150,0,155,1
149,0,155,2
150,0,156,1
149,0,156,2
150,0,157,1
149,0,157,2
150,0,158,1
149,0,158,2
150,0,159,1
149,0,159,2
152,1,161,1
153,1,161,2
154,1,161,3
155,1,161,4
156,1,161,5
157,1,161,6
158,1,161,7
159,1,161,8
161,0,163,1
161,0,163,2
161,0,164,1
161,0,164,2
161,0,165,1
161,0,165,2
161,0,166,1
161,0,166,2
163,1,168,1
164,1,168,2
165,1,168,3
166,1,168,4
168,0,170,1
168,0,170,2
168,0,171,1
168,0,171,2
170,1,173,1
171,1,173,2
112,2,179,1
113,2,179,2
114,2,179,3
115,2,179,4
116,2,179,5
117,2,179,6
177,1,179,7
177,2,179,8
177,3,179,9
177,4,179,10
177,5,179,11
177,6,179,12
177,7,179,13
177,8,179,14
177,9,179,15
177,10,179,16
177,11,179,17
177,12,179,18
177,13,179,19
177,14,179,20
177,15,179,21
177,16,179,22
179,1,181,1
179,2,181,2
179,3,181,3
179,4,181,4
179,5,181,5
179,6,181,6
179,7,181,7
179,8,181,8
179,9,181,9
179,10,181,10
179,11,181,11
179,12,182,1
179,13,182,2
179,14,182,3
179,15,182,4
179,16,182,5
179,17,182,6
179,18,182,7
179,19,182,8
179,20,182,9
179,21,182,10
179,22,182,11
182,0,184,1
181,0,184,2
182,0,185,1
181,0,185,2
182,0,186,1
181,0,186,2
182,0,187,1
181,0,187,2
182,0,188,1
181,0,188,2
182,0,189,1
181,0,189,2
182,0,190,1
181,0,190,2
182,0,191,1
181,0,191,2
182,0,192,1
181,0,192,2
182,0,193,1
181,0,193,2
182,0,194,1
181,0,194,2
108,2,196,1
109,2,196,2
110,2,196,3
111,2,196,4
124,2,196,5
125,2,196,6
126,2,196,7
127,2,196,8
128,2,196,9
129,2,196,10
130,2,196,11
184,1,196,12
185,1,196,13
186,1,196,14
187,1,196,15
188,1,196,16
189,1,196,17
190,1,196,18
191,1,196,19
192,1,196,20
193,1,196,21
194,1,196,22
176,1,196,23
176,2,196,24
176,3,196,25
176,4,196,26
176,5,196,27
176,6,196,28
176,7,196,29
176,8,196,30
176,9,196,31
176,10,196,32
176,11,196,33
176,12,196,34
176,13,196,35
176,14,196,36
196,1,198,1
196,2,198,2
196,3,198,3
196,4,198,4
196,5,198,5
196,6,198,6
196,7,198,7
196,8,198,8
196,9,198,9
196,10,198,10
196,11,198,11
196,12,198,12
196,13,198,13
196,14,198,14
196,15,198,15
196,16,198,16
196,17,198,17
196,18,198,18
196,19,198,19
196,20,198,20
196,21,198,21
196,22,198,22
196,23,198,23
196,24,198,24
196,25,198,25
196,26,198,26
196,27,198,27
196,28,198,28
196,29,198,29
196,30,198,30
196,31,198,31
196,32,198,32
196,33,198,33
196,34,198,34
196,35,198,35
196,36,198,36
198,9,200,1
198,10,200,2
198,11,200,3
198,12,200,4
198,13,200,5
198,14,200,6
198,15,200,7
198,16,200,8
198,17,201,1
198,18,201,2
198,19,201,3
198,20,201,4
198,21,201,5
198,22,201,6
198,23,201,7
198,24,201,8
201,0,203,1
200,1,203,2
201,0,204,1
200,2,204,2
201,0,205,1
200,3,205,2
201,0,206,1
200,4,206,2
201,0,207,1
200,5,207,2
201,0,208,1
200,6,208,2
201,0,209,1
200,7,209,2
201,0,210,1
200,8,210,2
203,1,212,1
204,1,212,2
205,1,212,3
206,1,212,4
207,1,212,5
208,1,212,6
209,1,212,7
210,1,212,8
198,1,213,1
198,2,213,2
198,3,213,3
198,4,213,4
198,5,213,5
198,6,213,6
198,7,213,7
198,8,213,8
212,0,215,1
213,0,215,2
212,0,216,1
213,0,216,2
212,0,217,1
213,0,217,2
212,0,218,1
213,0,218,2
212,0,219,1
213,0,219,2
212,0,220,1
213,0,220,2
212,0,221,1
213,0,221,2
212,0,222,1
213,0,222,2
215,1,224,1
216,1,224,2
217,1,224,3
218,1,224,4
219,1,224,5
220,1,224,6
221,1,224,7
222,1,224,8
224,0,226,1
224,0,226,2
224,0,227,1
224,0,227,2
224,0,228,1
224,0,228,2
224,0,229,1
224,0,229,2
226,1,231,1
227,1,231,2
228,1,231,3
229,1,231,4
231,0,233,1
231,0,233,2
231,0,234,1
231,0,234,2
233,1,236,1
234,1,236,2
240,1,242,1
240,2,242,2
240,3,242,3
240,4,242,4
240,5,242,5
240,6,242,6
240,7,242,7
240,8,242,8
240,9,242,9
240,10,242,10
240,11,242,11
240,12,242,12
242,1,244,1
242,2,244,2
242,3,244,3
242,4,244,4
242,5,244,5
242,6,244,6
242,7,245,1
242,8,245,2
242,9,245,3
242,10,245,4
242,11,245,5
242,12,245,6
245,0,247,1
244,0,247,2
245,0,248,1
244,0,248,2
245,0,249,1
244,0,249,2
245,0,250,1
244,0,250,2
245,0,251,1
244,0,251,2
245,0,252,1
244,0,252,2
184,2,254,1
185,2,254,2
186,2,254,3
187,2,254,4
188,2,254,5
189,2,254,6
190,2,254,7
191,2,254,8
192,2,254,9
193,2,254,10
194,2,254,11
239,1,254,12
239,2,254,13
239,3,254,14
239,4,254,15
239,5,254,16
239,6,254,17
239,7,254,18
239,8,254,19
239,9,254,20
239,10,254,21
239,11,254,22
239,12,254,23
239,13,254,24
239,14,254,25
239,15,254,26
239,16,254,27
239,17,254,28
239,18,254,29
239,19,254,30
247,1,254,31
248,1,254,32
249,1,254,33
250,1,254,34
251,1,254,35
252,1,254,36
254,1,256,1
254,2,256,2
254,3,256,3
254,4,256,4
254,5,256,5
254,6,256,6
254,7,256,7
254,8,256,8
254,9,256,9
254,10,256,10
254,11,256,11
254,12,256,12
254,13,256,13
254,14,256,14
254,15,256,15
254,16,256,16
254,17,256,17
254,18,256,18
254,19,256,19
254,20,256,20
254,21,256,21
254,22,256,22
254,23,256,23
254,24,256,24
254,25,256,25
254,26,256,26
254,27,256,27
254,28,256,28
254,29,256,29
254,30,256,30
254,31,256,31
254,32,256,32
254,33,256,33
254,34,256,34
254,35,256,35
254,36,256,36
256,9,258,1
256,10,258,2
256,11,258,3
256,12,258,4
256,13,258,5
256,14,258,6
256,15,258,7
256,16,258,8
256,17,259,1
256,18,259,2
256,19,259,3
256,20,259,4
256,21,259,5
256,22,259,6
256,23,259,7
256,24,259,8
259,0,261,1
258,1,261,2
259,0,262,1
258,2,262,2
259,0,263,1
258,3,263,2
259,0,264,1
258,4,264,2
259,0,265,1
258,5,265,2
259,0,266,1
258,6,266,2
259,0,267,1
258,7,267,2
259,0,268,1
258,8,268,2
261,1,270,1
262,1,270,2
263,1,270,3
264,1,270,4
265,1,270,5
266,1,270,6
267,1,270,7
268,1,270,8
256,1,271,1
256,2,271,2
256,3,271,3
256,4,271,4
256,5,271,5
256,6,271,6
256,7,271,7
256,8,271,8
270,0,273,1
271,0,273,2
270,0,274,1
271,0,274,2
270,0,275,1
271,0,275,2
270,0,276,1
271,0,276,2
270,0,277,1
271,0,277,2
270,0,278,1
271,0,278,2
270,0,279,1
271,0,279,2
270,0,280,1
271,0,280,2
273,1,282,1
274,1,282,2
275,1,282,3
276,1,282,4
277,1,282,5
278,1,282,6
279,1,282,7
280,1,282,8
282,0,284,1
282,0,284,2
282,0,285,1
282,0,285,2
282,0,286,1
282,0,286,2
282,0,287,1
282,0,287,2
284,1,289,1
285,1,289,2
286,1,289,3
287,1,289,4
289,0,291,1
289,0,291,2
289,0,292,1
289,0,292,2
291,1,294,1
292,1,294,2
297,0,300,1
297,0,300,2
297,0,300,3
297,0,300,4
297,0,300,5
297,0,300,6
297,0,300,7
297,0,300,8
297,0,300,9
298,0,300,10
298,0,300,11
298,0,300,12
298,0,300,13
298,0,300,14
298,0,300,15
298,0,300,16
300,0,302,1
300,0,302,2
300,0,302,3
300,0,302,4
300,0,303,1
300,0,303,2
300,0,303,3
300,0,303,4
300,0,304,1
300,0,304,2
300,0,304,3
300,0,304,4
300,0,305,1
300,0,305,2
300,0,305,3
300,0,305,4
302,1,307,1
303,1,307,2
304,1,307,3
305,1,307,4
302,2,308,1
303,2,308,2
304,2,308,3
305,2,308,4
308,0,310,1
307,0,310,2
308,0,311,1
307,0,311,2
308,0,312,1
307,0,312,2
308,0,313,1
307,0,313,2
310,1,315,1
311,1,315,2
312,1,316,1
313,1,316,2
315,1,318,1
316,1,318,2
322,5,324,1
322,12,324,2
322,6,325,1
322,11,325,2
322,7,326,1
322,10,326,2
322,8,327,1
322,9,327,2
322,1,329,1
324,1,329,2
322,2,330,1
325,1,330,2
322,3,331,1
326,1,331,2
322,4,332,1
327,1,332,2
329,1,334,1
332,1,334,2
330,1,335,1
331,1,335,2
334,1,337,1
335,1,337,2
340,1,342,1
340,2,342,2
340,3,342,3
340,4,342,4
340,5,342,5
340,6,342,6
340,7,343,1
340,8,343,2
340,9,343,3
340,10,343,4
340,11,343,5
340,12,343,6
342,5,347,1
343,1,347,2
342,4,349,1
347,1,349,2
353,1,355,1
353,16,355,2
353,2,356,1
353,15,356,2
353,3,357,1
353,14,357,2
353,4,358,1
353,13,358,2
353,5,359,1
353,12,359,2
353,6,360,1
353,11,360,2
353,7,361,1
353,10,361,2
353,8,362,1
353,9,362,2
355,1,364,1
362,1,364,2
356,1,365,1
361,1,365,2
357,1,366,1
360,1,366,2
358,1,367,1
359,1,367,2
364,1,369,1
367,1,369,2
365,1,370,1
366,1,370,2
369,1,372,1
370,1,372,2
375,1,377,1
375,2,377,2
375,3,377,3
375,4,377,4
375,5,377,5
375,6,377,6
375,7,378,1
375,8,378,2
375,9,378,3
375,10,378,4
375,11,378,5
375,12,378,6
377,4,382,1
378,1,382,2
386,5,388,1
386,12,388,2
386,6,389,1
386,11,389,2
386,7,390,1
386,10,390,2
386,8,391,1
386,9,391,2
386,1,393,1
391,1,393,2
386,2,394,1
390,1,394,2
386,3,395,1
389,1,395,2
386,4,396,1
388,1,396,2
393,1,398,1
396,1,398,2
394,1,399,1
395,1,399,2
398,1,401,1
399,1,401,2
404,1,406,1
404,2,406,2
404,3,406,3
404,4,406,4
404,5,406,5
404,6,406,6
404,7,407,1
404,8,407,2
404,9,407,3
404,10,407,4
404,11,407,5
404,12,407,6
407,1,411,2
406,3,411,1
418,1,420,1
418,2,420,2
418,3,420,3
418,4,420,4
418,5,420,5
418,6,420,6
418,7,420,7
418,8,420,8
418,9,420,9
418,10,420,10
418,11,420,11
418,12,420,12
418,13,420,13
418,14,420,14
418,15,420,15
418,16,420,16
418,17,420,17
418,18,420,18
418,19,420,19
418,20,420,20
418,21,420,21
418,22,420,22
418,23,420,23
418,24,420,24
420,1,422,1
420,2,422,2
420,3,423,1
420,4,423,2
420,5,424,1
420,6,424,2
420,7,425,1
420,8,425,2
420,9,426,1
420,10,426,2
420,11,427,1
420,12,427,2
420,13,428,1
420,14,428,2
420,15,429,1
420,16,429,2
420,17,431,25
420,18,431,26
420,19,431,27
420,20,431,28
420,21,431,29
420,22,431,30
420,23,431,31
420,24,431,32
422,1,431,33
423,1,431,34
424,1,431,35
425,1,431,36
426,1,431,37
427,1,431,38
428,1,431,39
429,1,431,40
431,1,433,1
431,2,433,2
431,3,434,1
431,4,434,2
431,5,435,1
431,6,435,2
431,7,436,1
431,8,436,2
431,9,437,1
431,10,437,2
431,11,438,1
431,12,438,2
431,13,439,1
431,14,439,2
431,15,440,1
431,16,440,2
431,17,441,1
431,18,441,2
431,19,442,1
431,20,442,2
431,21,443,1
431,22,443,2
431,23,444,1
431,24,444,2
431,25,445,1
431,26,445,2
431,27,446,1
431,28,446,2
431,29,447,1
431,30,447,2
431,31,448,1
431,32,448,2
431,33,449,1
431,34,449,2
431,35,450,1
431,36,450,2
431,37,451,1
431,38,451,2
431,39,452,1
431,40,452,2
433,1,454,45
434,1,454,46
435,1,454,47
436,1,454,48
437,1,454,49
438,1,454,50
439,1,454,51
440,1,454,52
441,1,454,53
442,1,454,54
443,1,454,55
444,1,454,56
445,1,454,57
446,1,454,58
447,1,454,59
448,1,454,60
449,1,454,61
450,1,454,62
451,1,454,63
452,1,454,64
454,1,456,1
454,2,456,2
454,3,457,1
454,4,457,2
454,5,458,1
454,6,458,2
454,7,459,1
454,8,459,2
454,9,460,1
454,10,460,2
454,11,461,1
454,12,461,2
454,13,462,1
454,14,462,2
454,15,463,1
454,16,463,2
454,17,464,1
454,18,464,2
454,19,465,1
454,20,465,2
454,21,466,1
454,22,466,2
454,23,467,1
454,24,467,2
454,25,468,1
454,26,468,2
454,27,469,1
454,28,469,2
454,29,470,1
454,30,470,2
454,31,471,1
454,32,471,2
454,33,472,1
454,34,472,2
454,35,473,1
454,36,473,2
454,37,474,1
454,38,474,2
454,39,475,1
454,40,475,2
454,41,476,1
454,42,476,2
454,43,477,1
454,44,477,2
454,45,478,1
454,46,478,2
454,47,479,1
454,48,479,2
454,49,480,1
454,50,480,2
454,51,481,1
454,52,481,2
454,53,482,1
454,54,482,2
454,55,483,1
454,56,483,2
454,57,484,1
454,58,484,2
454,59,485,1
454,60,485,2
454,61,486,1
454,62,486,2
454,63,487,1
454,64,487,2
456,1,489,1
457,1,489,2
458,1,489,3
459,1,489,4
460,1,489,5
461,1,489,6
462,1,489,7
463,1,489,8
464,1,489,9
465,1,489,10
466,1,489,11
467,1,489,12
468,1,489,13
469,1,489,14
470,1,489,15
471,1,489,16
472,1,489,17
473,1,489,18
474,1,489,19
475,1,489,20
476,1,489,21
477,1,489,22
478,1,489,23
479,1,489,24
480,1,489,25
481,1,489,26
482,1,489,27
483,1,489,28
484,1,489,29
485,1,489,30
486,1,489,31
487,1,489,32
489,1,491,1
489,2,491,2
489,3,492,1
489,4,492,2
489,5,493,1
489,6,493,2
489,7,494,1
489,8,494,2
489,9,495,1
489,10,495,2
489,11,496,1
489,12,496,2
489,13,497,1
489,14,497,2
489,15,498,1
489,16,498,2
489,17,499,1
489,18,499,2
489,19,500,1
489,20,500,2
489,21,501,1
489,22,501,2
489,23,502,1
489,24,502,2
489,25,503,1
489,26,503,2
489,27,504,1
489,28,504,2
489,29,505,1
489,30,505,2
489,31,506,1
489,32,506,2
491,1,508,1
492,1,508,2
493,1,508,3
494,1,508,4
495,1,508,5
496,1,508,6
497,1,508,7
498,1,508,8
499,1,508,9
500,1,508,10
501,1,508,11
502,1,508,12
503,1,508,13
504,1,508,14
505,1,508,15
506,1,508,16
508,1,510,1
508,2,510,2
508,3,511,1
508,4,511,2
508,5,512,1
508,6,512,2
508,7,513,1
508,8,513,2
508,9,514,1
508,10,514,2
508,11,515,1
508,12,515,2
508,13,516,1
508,14,516,2
508,15,517,1
508,16,517,2
510,1,519,1
511,1,519,2
512,1,519,3
513,1,519,4
514,1,519,5
515,1,519,6
516,1,519,7
517,1,519,8
519,1,521,1
519,2,521,2
519,3,522,1
519,4,522,2
519,5,523,1
519,6,523,2
519,7,524,1
519,8,524,2
521,1,526,1
522,1,526,2
523,1,526,3
524,1,526,4
526,1,528,1
526,2,528,2
526,3,529,1
526,4,529,2
528,1,531,1
529,1,531,2
534,1,537,1
534,2,537,2
534,3,537,3
534,4,537,4
534,5,537,5
534,6,537,6
534,7,537,7
534,8,537,8
534,9,537,9
534,10,537,10
534,11,537,11
534,12,537,12
534,13,537,13
534,14,537,14
534,15,537,15
534,16,537,16
534,17,537,17
534,18,537,18
534,19,537,19
534,20,537,20
534,21,537,21
534,22,537,22
534,23,537,23
534,24,537,24
534,25,537,25
534,26,537,26
534,27,537,27
534,28,537,28
534,29,537,29
534,30,537,30
534,31,537,31
534,32,537,32
534,33,537,33
534,34,537,34
534,35,537,35
534,36,537,36
534,37,537,37
534,38,537,38
534,39,537,39
534,40,537,40
534,41,537,41
534,42,537,42
534,43,537,43
534,44,537,44
534,45,537,45
534,46,537,46
534,47,537,47
534,48,537,48
534,49,537,49
534,50,537,50
534,51,537,51
534,52,537,52
534,53,537,53
534,54,537,54
534,55,537,55
534,56,537,56
534,57,537,57
534,58,537,58
534,59,537,59
534,60,537,60
534,61,537,61
534,62,537,62
534,63,537,63
534,64,537,64
534,65,537,65
534,66,537,66
534,67,537,67
534,68,537,68
534,69,537,69
534,70,537,70
534,71,537,71
534,72,537,72
537,1,539,1
537,2,539,2
537,3,540,1
537,4,540,2
537,5,541,1
537,6,541,2
537,7,542,1
537,8,542,2
537,9,543,1
537,10,543,2
537,11,544,1
537,12,544,2
537,13,545,1
537,14,545,2
537,15,546,1
537,16,546,2
537,17,547,1
537,18,547,2
537,19,548,1
537,20,548,2
537,21,549,1
537,22,549,2
537,23,550,1
537,24,550,2
537,25,551,1
537,26,551,2
537,27,552,1
537,28,552,2
537,29,553,1
537,30,553,2
537,31,554,1
537,32,554,2
537,33,555,1
537,34,555,2
537,35,556,1
537,36,556,2
537,37,557,1
537,38,557,2
537,39,558,1
537,40,558,2
537,41,559,1
537,42,559,2
537,43,560,1
537,44,560,2
537,45,561,1
537,46,561,2
537,47,562,1
537,48,562,2
537,49,563,1
537,50,563,2
537,51,564,1
537,52,564,2
537,53,565,1
537,54,565,2
537,55,566,1
537,56,566,2
537,57,567,1
537,58,567,2
537,59,568,1
537,60,568,2
537,61,569,1
537,62,569,2
537,63,570,1
537,64,570,2
537,65,571,1
537,66,571,2
537,67,572,1
537,68,572,2
537,69,573,1
537,70,573,2
537,71,574,1
537,72,574,2
535,9,576,1
535,10,576,2
535,11,576,3
535,12,576,4
535,13,576,5
535,14,576,6
535,15,576,7
535,16,576,8
535,17,576,9
535,18,576,10
535,19,576,11
535,20,576,12
539,1,576,13
540,1,576,14
541,1,576,15
542,1,576,16
543,1,576,17
544,1,576,18
545,1,576,19
546,1,576,20
547,1,576,21
548,1,576,22
549,1,576,23
550,1,576,24
551,1,576,25
552,1,576,26
553,1,576,27
554,1,576,28
555,1,576,29
556,1,576,30
557,1,576,31
558,1,576,32
559,1,576,33
560,1,576,34
561,1,576,35
562,1,576,36
563,1,576,37
564,1,576,38
565,1,576,39
566,1,576,40
567,1,576,41
568,1,576,42
569,1,576,43
570,1,576,44
571,1,576,45
572,1,576,46
573,1,576,47
574,1,576,48
576,1,578,1
576,2,578,2
576,3,579,1
576,4,579,2
576,5,580,1
576,6,580,2
576,7,581,1
576,8,581,2
576,9,582,1
576,10,582,2
576,11,583,1
576,12,583,2
576,13,584,1
576,14,584,2
576,15,585,1
576,16,585,2
576,17,586,1
576,18,586,2
576,19,587,1
576,20,587,2
576,21,588,1
576,22,588,2
576,23,589,1
576,24,589,2
576,25,590,1
576,26,590,2
576,27,591,1
576,28,591,2
576,29,592,1
576,30,592,2
576,31,593,1
576,32,593,2
576,33,594,1
576,34,594,2
576,35,595,1
576,36,595,2
576,37,596,1
576,38,596,2
576,39,597,1
576,40,597,2
576,41,598,1
576,42,598,2
576,43,599,1
576,44,599,2
576,45,600,1
576,46,600,2
576,47,601,1
576,48,601,2
535,1,603,1
535,2,603,2
535,3,603,3
535,4,603,4
535,5,603,5
535,6,603,6
535,7,603,7
535,8,603,8
578,1,603,9
579,1,603,10
580,1,603,11
581,1,603,12
582,1,603,13
583,1,603,14
584,1,603,15
585,1,603,16
586,1,603,17
587,1,603,18
588,1,603,19
589,1,603,20
590,1,603,21
591,1,603,22
592,1,603,23
593,1,603,24
594,1,603,25
595,1,603,26
596,1,603,27
597,1,603,28
598,1,603,29
599,1,603,30
600,1,603,31
601,1,603,32
603,1,605,1
603,2,605,2
603,3,606,1
603,4,606,2
603,5,607,1
603,6,607,2
603,7,608,1
603,8,608,2
603,9,609,1
603,10,609,2
603,11,610,1
603,12,610,2
603,13,611,1
603,14,611,2
603,15,612,1
603,16,612,2
603,17,613,1
603,18,613,2
603,19,614,1
603,20,614,2
603,21,615,1
603,22,615,2
603,23,616,1
603,24,616,2
603,25,617,1
603,26,617,2
603,27,618,1
603,28,618,2
603,29,619,1
603,30,619,2
603,31,620,1
603,32,620,2
605,1,622,1
606,1,622,2
607,1,622,3
608,1,622,4
609,1,622,5
610,1,622,6
611,1,622,7
612,1,622,8
613,1,622,9
614,1,622,10
615,1,622,11
616,1,622,12
617,1,622,13
618,1,622,14
619,1,622,15
620,1,622,16
622,1,624,1
622,2,624,2
622,3,625,1
622,4,625,2
622,5,626,1
622,6,626,2
622,7,627,1
622,8,627,2
622,9,628,1
622,10,628,2
622,11,629,1
622,12,629,2
622,13,630,1
622,14,630,2
622,15,631,1
622,16,631,2
624,1,633,1
625,1,633,2
626,1,633,3
627,1,633,4
628,1,633,5
629,1,633,6
630,1,633,7
631,1,633,8
633,1,635,1
633,2,635,2
633,3,636,1
633,4,636,2
633,5,637,1
633,6,637,2
633,7,638,1
633,8,638,2
635,1,640,1
636,1,640,2
637,1,640,3
638,1,640,4
640,1,642,1
640,2,642,2
640,3,643,1
640,4,643,2
642,1,645,1
643,1,645,2
648,0,650,1
648,0,650,2
648,0,650,3
648,0,651,1
648,0,651,2
648,0,651,3
648,0,652,1
648,0,652,2
648,0,652,3
648,0,653,1
648,0,653,2
648,0,653,3
648,0,654,1
648,0,654,2
648,0,654,3
648,0,655,1
648,0,655,2
648,0,655,3
648,0,656,1
648,0,656,2
648,0,656,3
648,0,657,1
648,0,657,2
648,0,657,3
648,0,658,1
648,0,658,2
648,0,658,3
648,0,659,1
648,0,659,2
648,0,659,3
648,0,660,1
648,0,660,2
648,0,660,3
648,0,661,1
648,0,661,2
648,0,661,3
648,0,662,1
648,0,662,2
648,0,662,3
648,0,663,1
648,0,663,2
648,0,663,3
648,0,664,1
648,0,664,2
648,0,664,3
648,0,665,1
648,0,665,2
648,0,665,3
650,1,667,1
651,1,667,2
652,1,667,3
653,1,667,4
654,1,667,5
655,1,667,6
656,1,667,7
657,1,667,8
650,2,668,1
651,2,668,2
652,2,668,3
653,2,668,4
654,2,668,5
655,2,668,6
656,2,668,7
657,2,668,8
658,1,669,1
659,1,669,2
660,1,669,3
661,1,669,4
662,1,669,5
663,1,669,6
664,1,669,7
665,1,669,8
658,2,670,1
659,2,670,2
660,2,670,3
661,2,670,4
662,2,670,5
663,2,670,6
664,2,670,7
665,2,670,8
667,0,673,1
668,0,673,2
667,0,674,1
668,0,674,2
667,0,675,1
668,0,675,2
667,0,676,1
668,0,676,2
667,0,677,1
668,0,677,2
667,0,678,1
668,0,678,2
667,0,679,1
668,0,679,2
667,0,680,1
668,0,680,2
669,0,682,1
670,0,682,2
669,0,683,1
670,0,683,2
669,0,684,1
670,0,684,2
669,0,685,1
670,0,685,2
669,0,686,1
670,0,686,2
669,0,687,1
670,0,687,2
669,0,688,1
670,0,688,2
669,0,689,1
670,0,689,2
673,1,691,1
674,1,691,2
675,1,691,3
676,1,691,4
677,1,691,5
678,1,691,6
679,1,691,7
680,1,691,8
682,1,692,1
683,1,692,2
684,1,692,3
685,1,692,4
686,1,692,5
687,1,692,6
688,1,692,7
689,1,692,8
691,0,695,1
691,0,695,2
691,0,696,1
691,0,696,2
691,0,697,1
691,0,697,2
691,0,698,1
691,0,698,2
692,0,700,1
692,0,700,2
692,0,701,1
692,0,701,2
692,0,702,1
692,0,702,2
692,0,703,1
692,0,703,2
695,1,705,1
696,1,705,2
697,1,705,3
698,1,705,4
700,1,705,5
701,1,705,6
702,1,705,7
703,1,705,8
705,0,707,1
705,0,707,2
705,0,708,1
705,0,708,2
705,0,709,1
705,0,709,2
705,0,710,1
705,0,710,2
707,1,712,1
708,1,712,2
709,1,712,3
710,1,712,4
712,0,714,1
712,0,714,2
712,0,715,1
712,0,715,2
714,1,717,1
715,1,717,2
723,6,734,1
723,3,734,2
723,5,735,1
723,4,735,2
735,1,737,1
734,1,737,2
726,6,742,1
726,3,742,2
726,5,743,1
726,4,743,2
743,1,745,1
742,1,745,2
729,7,750,1
729,4,750,2
729,6,751,1
729,5,751,2
751,1,753,1
750,1,753,2
764,1,766,1
764,2,766,2
764,3,766,3
764,4,766,4
764,5,766,5
764,6,766,6
764,7,766,7
764,8,766,8
764,9,766,9
764,10,766,10
764,11,766,11
764,12,766,12
764,13,766,13
764,14,766,14
764,15,766,15
764,16,766,16
764,17,766,17
764,18,766,18
766,1,768,1
766,2,768,2
766,3,769,1
766,4,769,2
766,5,770,1
766,6,770,2
766,7,771,1
766,8,771,2
763,1,773,1
763,2,773,2
763,3,773,3
763,4,773,4
763,5,773,5
763,6,773,6
763,7,773,7
763,8,773,8
763,9,773,9
763,10,773,10
763,11,773,11
763,12,773,12
763,13,773,13
763,14,773,14
763,15,773,15
763,16,773,16
763,17,773,17
763,18,773,18
766,9,773,19
766,10,773,20
766,11,773,21
766,12,773,22
766,13,773,23
766,14,773,24
766,15,773,25
766,16,773,26
766,17,773,27
766,18,773,28
768,1,773,29
769,1,773,30
770,1,773,31
771,1,773,32
773,1,775,1
773,2,775,2
773,3,776,1
773,4,776,2
773,5,777,1
773,6,777,2
773,7,778,1
773,8,778,2
773,9,779,1
773,10,779,2
773,11,780,1
773,12,780,2
773,13,781,1
773,14,781,2
773,15,782,1
773,16,782,2
773,17,783,1
773,18,783,2
773,19,784,1
773,20,784,2
773,21,785,1
773,22,785,2
773,23,786,1
773,24,786,2
773,25,787,1
773,26,787,2
773,27,788,1
773,28,788,2
773,29,789,1
773,30,789,2
773,31,790,1
773,32,790,2
775,1,792,1
776,1,792,2
777,1,792,3
778,1,792,4
779,1,792,5
780,1,792,6
781,1,792,7
782,1,792,8
783,1,792,9
784,1,792,10
785,1,792,11
786,1,792,12
787,1,792,13
788,1,792,14
789,1,792,15
790,1,792,16
792,1,794,1
792,2,794,2
792,3,795,1
792,4,795,2
792,5,796,1
792,6,796,2
792,7,797,1
792,8,797,2
792,9,798,1
792,10,798,2
792,11,799,1
792,12,799,2
792,13,800,1
792,14,800,2
792,15,801,1
792,16,801,2
794,1,803,1
795,1,803,2
796,1,803,3
797,1,803,4
798,1,803,5
799,1,803,6
800,1,803,7
801,1,803,8
803,1,805,1
803,2,805,2
803,3,806,1
803,4,806,2
803,5,807,1
803,6,807,2
803,7,808,1
803,8,808,2
805,1,810,1
806,1,810,2
807,1,810,3
808,1,810,4
810,1,812,1
810,2,812,2
810,3,813,1
810,4,813,2
812,1,815,1
813,1,815,2
821,4,826,1
821,5,826,2
821,3,828,1
826,1,828,2
818,16,830,1
828,1,830,2
834,1,836,1
834,2,836,2
840,1,843,1
840,2,843,2
840,3,843,3
840,4,843,4
840,5,843,5
840,6,843,6
840,7,843,7
840,8,843,8
840,9,843,9
840,10,843,10
840,11,843,11
840,12,843,12
840,13,843,13
840,14,843,14
840,15,843,15
840,16,843,16
840,17,843,17
840,18,843,18
841,1,843,19
841,2,843,20
841,3,843,21
841,4,843,22
841,5,843,23
841,6,843,24
841,7,843,25
841,8,843,26
841,9,843,27
841,10,843,28
843,1,845,1
843,2,845,2
843,3,846,1
843,4,846,2
843,5,847,1
843,6,847,2
843,7,848,1
843,8,848,2
843,9,849,1
843,10,849,2
843,11,850,1
843,12,850,2
843,13,851,1
843,14,851,2
843,15,852,1
843,16,852,2
843,17,853,1
843,18,853,2
843,19,854,1
843,20,854,2
843,21,855,1
843,22,855,2
843,23,856,1
843,24,856,2
843,25,857,1
843,26,857,2
843,27,858,1
843,28,858,2
839,1,860,1
839,2,860,2
839,3,860,3
839,4,860,4
839,5,860,5
839,6,860,6
839,7,860,7
839,8,860,8
839,9,860,9
839,10,860,10
839,11,860,11
839,12,860,12
839,13,860,13
839,14,860,14
839,15,860,15
839,16,860,16
839,17,860,17
839,18,860,18
845,1,860,19
846,1,860,20
847,1,860,21
848,1,860,22
849,1,860,23
850,1,860,24
851,1,860,25
852,1,860,26
853,1,860,27
854,1,860,28
855,1,860,29
856,1,860,30
857,1,860,31
858,1,860,32
860,1,862,1
860,2,862,2
860,3,863,1
860,4,863,2
860,5,864,1
860,6,864,2
860,7,865,1
860,8,865,2
860,9,866,1
860,10,866,2
860,11,867,1
860,12,867,2
860,13,868,1
860,14,868,2
860,15,869,1
860,16,869,2
860,17,870,1
860,18,870,2
860,19,871,1
860,20,871,2
860,21,872,1
860,22,872,2
860,23,873,1
860,24,873,2
860,25,874,1
860,26,874,2
860,27,875,1
860,28,875,2
860,29,876,1
860,30,876,2
860,31,877,1
860,32,877,2
862,1,879,1
863,1,879,2
864,1,879,3
865,1,879,4
866,1,879,5
867,1,879,6
868,1,879,7
869,1,879,8
870,1,879,9
871,1,879,10
872,1,879,11
873,1,879,12
874,1,879,13
875,1,879,14
876,1,879,15
877,1,879,16
879,1,881,1
879,2,881,2
879,3,882,1
879,4,882,2
879,5,883,1
879,6,883,2
879,7,884,1
879,8,884,2
879,9,885,1
879,10,885,2
879,11,886,1
879,12,886,2
879,13,887,1
879,14,887,2
879,15,888,1
879,16,888,2
881,1,890,1
882,1,890,2
883,1,890,3
884,1,890,4
885,1,890,5
886,1,890,6
887,1,890,7
888,1,890,8
890,1,892,1
890,2,892,2
890,3,893,1
890,4,893,2
890,5,894,1
890,6,894,2
890,7,895,1
890,8,895,2
892,1,897,1
893,1,897,2
894,1,897,3
895,1,897,4
897,1,899,1
897,2,899,2
897,3,900,1
897,4,900,2
899,1,902,1
900,1,902,2
905,16,913,1
908,3,913,2
908,16,921,1
916,3,921,2
928,10,930,2
928,7,930,1
928,8,931,1
928,9,931,2
928,1,933,1
930,1,933,2
928,2,934,1
931,1,934,2
928,3,935,1
928,5,935,2
928,4,936,1
928,6,936,2
933,1,938,1
936,1,938,2
934,1,939,1
935,1,939,2
938,1,941,1
939,1,941,2
948,1,950,1
948,4,950,2
948,3,951,1
948,2,951,2
950,1,953,1
951,1,953,2
956,9,959,1
956,10,959,2
956,11,959,3
956,12,959,4
956,13,959,5
956,14,959,6
956,15,959,7
956,16,959,8
956,17,959,9
956,18,959,10
956,19,959,11
956,20,959,12
957,1,959,13
957,2,959,14
957,3,959,15
957,4,959,16
957,5,959,17
957,6,959,18
957,7,959,19
957,8,959,20
957,9,959,21
957,10,959,22
957,11,959,23
957,12,959,24
957,13,959,25
957,14,959,26
957,15,959,27
957,16,959,28
957,17,959,29
957,18,959,30
957,19,959,31
957,20,959,32
959,0,961,1
959,0,961,2
959,0,962,1
959,0,962,2
959,0,963,1
959,0,963,2
959,0,964,1
959,0,964,2
959,0,965,1
959,0,965,2
959,0,966,1
959,0,966,2
959,0,967,1
959,0,967,2
959,0,968,1
959,0,968,2
959,0,969,1
959,0,969,2
959,0,970,1
959,0,970,2
959,0,971,1
959,0,971,2
959,0,972,1
959,0,972,2
959,0,973,1
959,0,973,2
959,0,974,1
959,0,974,2
959,0,975,1
959,0,975,2
959,0,976,1
959,0,976,2
961,1,978,1
962,1,978,2
963,1,979,1
964,1,979,2
965,1,980,1
966,1,980,2
967,1,981,1
968,1,981,2
969,1,982,1
970,1,982,2
971,1,983,1
972,1,983,2
973,1,984,1
974,1,984,2
975,1,985,1
976,1,985,2
956,1,987,1
956,2,987,2
956,3,987,3
956,4,987,4
956,5,987,5
956,6,987,6
956,7,987,7
956,8,987,8
978,1,988,1
979,1,988,2
980,1,988,3
981,1,988,4
982,1,988,5
983,1,988,6
984,1,988,7
985,1,988,8
987,0,990,1
988,0,990,2
987,0,991,1
988,0,991,2
987,0,992,1
988,0,992,2
987,0,993,1
988,0,993,2
987,0,994,1
988,0,994,2
987,0,995,1
988,0,995,2
987,0,996,1
988,0,996,2
987,0,997,1
988,0,997,2
990,1,999,1
991,1,999,2
992,1,1000,1
993,1,1000,2
994,1,1001,1
995,1,1001,2
996,1,1002,1
997,1,1002,2
999,1,1004,1
1000,1,1004,2
1001,1,1005,1
1002,1,1005,2
1004,1,1007,1
1005,1,1007,2
1013,6,1018,1
1013,7,1018,2
1013,5,1019,1
1013,8,1019,2
1018,1,1021,1
1013,3,1021,2
1019,1,1022,1
1013,4,1022,2
1021,1,1024,1
1022,1,1024,2
1028,15,1030,1
1028,18,1030,2
1028,16,1031,1
1028,17,1031,2
1028,1,1033,1
1030,1,1033,2
1028,2,1034,1
1031,1,1034,2
1028,3,1035,1
1028,14,1035,2
1028,4,1036,1
1028,13,1036,2
1028,5,1037,1
1028,12,1037,2
1028,6,1038,1
1028,11,1038,2
1028,7,1039,1
1028,10,1039,2
1028,8,1040,1
1028,9,1040,2
1033,1,1042,1
1040,1,1042,2
1034,1,1043,1
1039,1,1043,2
1035,1,1044,1
1038,1,1044,2
1036,1,1045,1
1037,1,1045,2
1042,1,1047,1
1045,1,1047,2
1043,1,1048,1
1044,1,1048,2
1047,1,1050,1
1048,1,1050,2
1057,1,1059,1
1057,16,1059,2
1057,2,1060,1
1057,15,1060,2
1057,3,1061,1
1057,14,1061,2
1057,4,1062,1
1057,13,1062,2
1057,5,1063,1
1057,12,1063,2
1057,6,1064,1
1057,11,1064,2
1057,7,1065,1
1057,10,1065,2
1057,8,1066,1
1057,9,1066,2
1059,1,1068,1
1066,1,1068,2
1060,1,1069,1
1065,1,1069,2
1061,1,1070,1
1064,1,1070,2
1062,1,1071,1
1063,1,1071,2
1068,1,1073,1
1071,1,1073,2
1069,1,1074,1
1070,1,1074,2
1073,1,1076,1
1074,1,1076,2
1083,1,1085,1
1083,2,1085,2
1083,3,1085,3
1083,4,1085,4
1083,5,1085,5
1083,6,1085,6
1083,7,1085,7
1083,8,1085,8
1083,9,1085,9
1083,10,1085,10
1083,11,1085,11
1083,12,1085,12
1083,13,1085,13
1083,14,1085,14
1083,15,1086,1
1083,16,1086,2
1083,17,1086,3
1083,18,1086,4
1086,0,1088,1
1086,0,1088,2
1086,0,1089,1
1086,0,1089,2
1085,0,1091,1
1088,1,1091,2
1085,0,1092,1
1089,1,1092,2
1085,0,1093,1
1085,0,1093,2
1085,0,1094,1
1085,0,1094,2
1085,0,1095,1
1085,0,1095,2
1085,0,1096,1
1085,0,1096,2
1085,0,1097,1
1085,0,1097,2
1085,0,1098,1
1085,0,1098,2
1091,1,1100,1
1098,1,1100,2
1092,1,1101,1
1097,1,1101,2
1093,1,1102,1
1096,1,1102,2
1094,1,1103,1
1095,1,1103,2
1100,1,1105,1
1103,1,1105,2
1101,1,1106,1
1102,1,1106,2
1105,1,1108,1
1106,1,1108,2
1115,18,1117,1
1115,15,1117,2
1115,17,1118,1
1115,16,1118,2
1115,1,1120,1
1117,1,1120,2
1115,2,1121,1
1118,1,1121,2
1115,3,1122,1
1115,14,1122,2
1115,4,1123,1
1115,13,1123,2
1115,5,1124,1
1115,12,1124,2
1115,6,1125,1
1115,11,1125,2
1115,7,1126,1
1115,10,1126,2
1115,8,1127,1
1115,9,1127,2
1120,1,1129,1
1127,1,1129,2
1121,1,1130,1
1126,1,1130,2
1122,1,1131,1
1125,1,1131,2
1123,1,1132,1
1124,1,1132,2
1129,1,1134,1
1132,1,1134,2
1130,1,1135,1
1131,1,1135,2
1134,1,1137,1
1135,1,1137,2
1144,0,1146,1
1144,0,1146,2
1144,0,1147,1
1144,0,1147,2
1144,0,1148,1
1144,0,1148,2
1144,0,1149,1
1144,0,1149,2
1144,0,1150,1
1144,0,1150,2
1144,0,1151,1
1144,0,1151,2
1144,0,1152,1
1144,0,1152,2
1144,0,1153,1
1144,0,1153,2
1146,1,1155,1
1147,1,1155,2
1148,1,1155,3
1149,1,1155,4
1150,1,1155,5
1151,1,1155,6
1152,1,1155,7
1153,1,1155,8
1155,0,1157,1
1155,0,1157,2
1155,0,1158,1
1155,0,1158,2
1155,0,1159,1
1155,0,1159,2
1155,0,1160,1
1155,0,1160,2
1157,1,1162,1
1160,1,1162,2
1158,1,1163,1
1159,1,1163,2
1162,1,1165,1
1163,1,1165,2
1168,1,1170,1
1168,2,1170,2
1168,3,1170,3
1168,4,1170,4
1168,5,1170,5
1168,6,1170,6
1168,7,1171,1
1168,8,1171,2
1168,9,1171,3
1168,10,1171,4
1168,11,1171,5
1168,12,1171,6
1168,13,1171,7
1168,14,1171,8
1168,15,1171,9
1168,16,1171,10
1171,1,1175,1
1171,2,1175,2
1170,4,1177,1
1175,1,1177,2
1181,5,1183,1
1181,12,1183,2
1181,6,1184,1
1181,11,1184,2
1181,7,1185,1
1181,10,1185,2
1181,8,1186,1
1181,9,1186,2
1183,2,1188,1
1183,1,1188,2
1184,2,1189,1
1184,1,1189,2
1185,2,1190,1
1185,1,1190,2
1186,2,1191,1
1186,1,1191,2
1181,1,1193,1
1188,1,1193,2
1181,2,1194,1
1189,1,1194,2
1181,3,1195,1
1190,1,1195,2
1181,4,1196,1
1191,1,1196,2
1193,2,1198,1
1193,1,1198,2
1194,2,1199,1
1194,1,1199,2
1195,2,1200,1
1195,1,1200,2
1196,2,1201,1
1196,1,1201,2
1198,1,1203,1
1201,1,1203,2
1199,1,1204,1
1200,1,1204,2
1203,1,1206,1
1204,1,1206,2
1209,1,1211,1
1209,2,1211,2
1209,3,1211,3
1209,4,1211,4
1209,5,1211,5
1209,6,1211,6
1209,7,1212,1
1209,8,1212,2
1209,9,1212,3
1209,10,1212,4
1209,11,1212,5
1209,12,1212,6
1216,1,1218,1
1216,4,1218,2
1216,3,1219,1
1216,2,1219,2
1218,1,1221,1
1219,1,1221,2
1225,0,1228,1
1225,0,1228,2
1225,0,1229,1
1225,0,1229,2
1225,0,1230,1
1225,0,1230,2
1225,0,1231,1
1225,0,1231,2
1225,0,1232,1
1225,0,1232,2
1225,0,1233,1
1225,0,1233,2
1225,0,1234,1
1225,0,1234,2
1225,0,1235,1
1225,0,1235,2
1225,0,1236,1
1225,0,1236,2
1225,0,1237,1
1225,0,1237,2
1228,2,1239,1
1228,1,1239,2
1229,2,1240,1
1229,1,1240,2
1230,2,1241,1
1230,1,1241,2
1231,2,1242,1
1231,1,1242,2
1232,2,1243,1
1232,1,1243,2
1233,2,1244,1
1233,1,1244,2
1234,2,1245,1
1234,1,1245,2
1235,2,1246,1
1235,1,1246,2
1236,2,1247,1
1236,1,1247,2
1237,2,1248,1
1237,1,1248,2
1239,1,1250,1
1240,1,1250,2
1241,1,1250,3
1242,1,1250,4
1243,1,1250,5
1244,1,1250,6
1245,1,1250,7
1246,1,1250,8
1247,1,1250,9
1248,1,1250,10
1226,1,1250,11
1226,2,1250,12
1226,3,1250,13
1226,4,1250,14
1224,1,1250,15
1224,2,1250,16
1224,3,1250,17
1224,4,1250,18
1224,5,1250,19
1224,6,1250,20
1224,7,1250,21
1224,8,1250,22
1224,9,1250,23
1224,10,1250,24
1224,11,1250,25
1224,12,1250,26
1224,13,1250,27
1224,14,1250,28
1224,15,1250,29
1224,16,1250,30
1224,17,1250,31
1224,18,1250,32
1250,0,1252,1
1250,0,1252,2
1250,0,1253,1
1250,0,1253,2
1250,0,1254,1
1250,0,1254,2
1250,0,1255,1
1250,0,1255,2
1250,0,1256,1
1250,0,1256,2
1250,0,1257,1
1250,0,1257,2
1250,0,1258,1
1250,0,1258,2
1250,0,1259,1
1250,0,1259,2
1250,0,1260,1
1250,0,1260,2
1250,0,1261,1
1250,0,1261,2
1250,0,1262,1
1250,0,1262,2
1250,0,1263,1
1250,0,1263,2
1250,0,1264,1
1250,0,1264,2
1250,0,1265,1
1250,0,1265,2
1250,0,1266,1
1250,0,1266,2
1250,0,1267,1
1250,0,1267,2
1252,2,1269,1
1252,1,1269,2
1253,2,1270,1
1253,1,1270,2
1254,2,1271,1
1254,1,1271,2
1255,2,1272,1
1255,1,1272,2
1256,2,1273,1
1256,1,1273,2
1257,2,1274,1
1257,1,1274,2
1258,2,1275,1
1258,1,1275,2
1259,2,1276,1
1259,1,1276,2
1260,2,1277,1
1260,1,1277,2
1261,2,1278,1
1261,1,1278,2
1262,2,1279,1
1262,1,1279,2
1263,2,1280,1
1263,1,1280,2
1264,2,1281,1
1264,1,1281,2
1265,2,1282,1
1265,1,1282,2
1266,2,1283,1
1266,1,1283,2
1267,2,1284,1
1267,1,1284,2
1269,1,1286,1
1270,1,1286,2
1271,1,1286,3
1272,1,1286,4
1273,1,1286,5
1274,1,1286,6
1275,1,1286,7
1276,1,1286,8
1277,1,1286,9
1278,1,1286,10
1279,1,1286,11
1280,1,1286,12
1281,1,1286,13
1282,1,1286,14
1283,1,1286,15
1284,1,1286,16
1286,0,1288,1
1286,0,1288,2
1286,0,1289,1
1286,0,1289,2
1286,0,1290,1
1286,0,1290,2
1286,0,1291,1
1286,0,1291,2
1286,0,1292,1
1286,0,1292,2
1286,0,1293,1
1286,0,1293,2
1286,0,1294,1
1286,0,1294,2
1286,0,1295,1
1286,0,1295,2
1288,2,1297,1
1288,1,1297,2
1289,2,1298,1
1289,1,1298,2
1290,2,1299,1
1290,1,1299,2
1291,2,1300,1
1291,1,1300,2
1292,2,1301,1
1292,1,1301,2
1293,2,1302,1
1293,1,1302,2
1294,2,1303,1
1294,1,1303,2
1295,2,1304,1
1295,1,1304,2
1297,1,1306,1
1298,1,1306,2
1299,1,1306,3
1300,1,1306,4
1301,1,1306,5
1302,1,1306,6
1303,1,1306,7
1304,1,1306,8
1306,0,1308,1
1306,0,1308,2
1306,0,1309,1
1306,0,1309,2
1306,0,1310,1
1306,0,1310,2
1306,0,1311,1
1306,0,1311,2
1308,2,1313,1
1308,1,1313,2
1309,2,1314,1
1309,1,1314,2
1310,2,1315,1
1310,1,1315,2
1311,2,1316,1
1311,1,1316,2
1313,1,1318,1
1314,1,1318,2
1315,1,1319,1
1316,1,1319,2
1318,1,1321,1
1319,1,1321,2
1327,6,1332,1
1327,3,1332,2
1327,5,1333,1
1327,4,1333,2
1333,1,1335,1
1332,1,1335,2
1342,1,1344,1
1342,8,1344,2
1342,12,1344,3
1342,16,1344,4
1342,2,1345,1
1342,7,1345,2
1342,11,1345,3
1342,15,1345,4
1342,3,1346,1
1342,6,1346,2
1342,10,1346,3
1342,14,1346,4
1342,4,1347,1
1342,5,1347,2
1342,9,1347,3
1342,13,1347,4
1344,1,1349,1
1347,2,1349,2
1344,2,1350,1
1347,1,1350,2
1345,1,1351,1
1346,2,1351,2
1345,2,1352,1
1346,1,1352,2
1349,1,1354,1
1352,1,1354,2
1350,1,1355,1
1351,1,1355,2
1354,1,1357,1
1355,1,1357,2
1364,5,1366,1
1364,12,1366,2
1364,6,1367,1
1364,11,1367,2
1364,7,1368,1
1364,10,1368,2
1364,8,1369,1
1364,9,1369,2
1364,1,1371,1
1366,1,1371,2
1364,2,1372,1
1367,1,1372,2
1364,3,1373,1
1368,1,1373,2
1364,4,1374,1
1369,1,1374,2
1371,1,1376,1
1374,1,1376,2
1372,1,1377,1
1373,1,1377,2
1376,1,1379,1
1377,1,1379,2
1382,1,1384,1
1382,2,1384,2
1382,3,1384,3
1382,4,1384,4
1382,5,1384,5
1382,6,1384,6
1382,7,1385,1
1382,8,1385,2
1382,9,1385,3
1382,10,1385,4
1382,11,1385,5
1382,12,1385,6
1402,0,1404,1
1402,0,1404,2
1402,0,1404,3
1402,0,1404,4
1402,0,1404,5
1402,0,1404,6
1402,0,1404,7
1402,0,1404,8
1402,0,1404,9
1402,0,1404,10
1402,0,1404,11
1402,0,1404,12
1402,0,1404,13
1402,0,1404,14
1402,0,1404,15
1402,0,1404,16
1402,0,1404,17
1402,0,1404,18
1402,0,1404,19
1402,0,1404,20
1402,0,1404,21
1402,0,1404,22
1402,0,1404,23
1402,0,1404,24
1402,0,1404,25
1402,0,1404,26
1404,1,1406,1
1404,2,1406,2
1404,3,1407,1
1404,4,1407,2
1404,5,1408,1
1404,6,1408,2
1404,7,1409,1
1404,8,1409,2
1404,9,1410,1
1404,10,1410,2
1404,11,1411,1
1404,12,1411,2
1404,13,1412,1
1404,14,1412,2
1404,15,1413,1
1404,16,1413,2
1404,17,1414,1
1404,18,1414,2
1404,19,1415,1
1404,20,1415,2
1414,1,1417,1
1406,1,1417,2
1415,1,1418,1
1407,1,1418,2
1404,21,1419,1
1408,1,1419,2
1404,22,1420,1
1409,1,1420,2
1404,23,1421,1
1410,1,1421,2
1404,24,1422,1
1411,1,1422,2
1404,25,1423,1
1412,1,1423,2
1404,26,1424,1
1413,1,1424,2
1417,1,1426,1
1423,1,1426,2
1419,1,1427,1
1422,1,1427,2
1418,1,1428,1
1424,1,1428,2
1421,1,1429,1
1420,1,1429,2
1427,1,1431,2
1426,1,1431,1
1428,1,1432,1
1429,1,1432,2
1431,1,1434,1
1432,1,1434,2
1437,4,1440,1
1437,5,1440,2
1438,4,1441,1
1438,5,1441,2
1437,3,1442,1
1437,6,1442,2
1438,3,1443,1
1438,6,1443,2
1437,2,1444,1
1437,7,1444,2
1438,2,1445,1
1438,7,1445,2
1437,1,1447,1
1440,1,1447,2
1442,1,1448,1
1444,1,1448,2
1438,1,1449,1
1441,1,1449,2
1443,1,1450,1
1445,1,1450,2
1447,1,1453,1
1447,2,1453,2
1448,1,1454,1
1448,2,1454,2
1449,1,1456,1
1449,2,1456,2
1450,1,1457,1
1450,2,1457,2
1453,1,1459,1
1454,1,1459,2
1456,1,1460,1
1457,1,1460,2
1459,1,1462,1
1459,2,1462,2
1460,1,1463,1
1460,2,1463,2
1462,1,1465,1
1463,1,1465,2
1465,1,1467,1
1465,2,1467,2
1470,1,1472,1
1470,8,1472,2
1470,2,1473,1
1470,7,1473,2
1470,3,1474,1
1470,6,1474,2
1470,4,1475,1
1470,5,1475,2
1472,1,1477,1
1473,1,1477,2
1474,1,1477,3
1475,1,1477,4
1477,1,1479,1
1477,4,1479,2
1477,2,1480,1
1477,3,1480,2
1479,1,1482,1
1480,1,1482,2
1488,1,1490,1
1488,5,1490,2
1488,9,1490,3
1488,13,1490,4
1488,2,1491,1
1488,6,1491,2
1488,10,1491,3
1488,14,1491,4
1488,3,1492,1
1488,7,1492,2
1488,11,1492,3
1488,15,1492,4
1488,4,1493,1
1488,8,1493,2
1488,12,1493,3
1488,16,1493,4
1490,1,1495,1
1491,1,1495,2
1492,1,1495,3
1493,1,1495,4
1490,2,1496,1
1491,2,1496,2
1492,2,1496,3
1493,2,1496,4
1495,0,1498,1
1496,0,1498,2
1495,0,1499,1
1496,0,1499,2
1495,0,1500,1
1496,0,1500,2
1495,0,1501,1
1496,0,1501,2
1498,1,1503,1
1501,1,1503,2
1499,1,1504,1
1500,1,1504,2
1503,1,1506,1
1504,1,1506,2
1510,3,1512,1
1510,6,1512,2
1510,4,1513,1
1510,5,1513,2
1512,1,1515,1
1513,1,1515,2
1510,1,1517,1
1515,2,1517,2
1510,2,1518,1
1515,1,1518,2
1517,1,1520,1
1518,1,1520,2
1520,1,1522,1
1520,2,1522,2
1530,1,1532,1
1530,4,1532,2
1530,2,1533,1
1530,3,1533,2
1532,1,1535,1
1533,1,1535,2
1539,1,1541,1
1539,2,1541,2
1539,3,1541,3
1539,4,1541,4
1539,5,1541,5
1539,6,1541,6
1539,7,1542,1
1539,8,1542,2
1539,9,1542,3
1539,10,1542,4
1539,11,1542,5
1539,12,1542,6
1558,0,1560,1
1558,0,1560,2
1558,0,1561,1
1558,0,1561,2
1558,0,1562,1
1558,0,1562,2
1558,0,1563,1
1558,0,1563,2
1557,1,1565,1
1557,2,1565,2
1557,3,1565,3
1557,4,1565,4
1557,5,1565,5
1557,6,1565,6
1557,7,1565,7
1557,8,1565,8
1557,9,1565,9
1557,10,1565,10
1557,11,1565,11
1557,12,1565,12
1557,13,1565,13
1557,14,1565,14
1557,15,1565,15
1557,16,1565,16
1557,17,1565,17
1557,18,1565,18
1557,19,1565,19
1557,20,1565,20
1557,21,1565,21
1557,22,1565,22
1557,23,1565,23
1557,24,1565,24
1557,25,1565,25
1557,26,1565,26
1557,27,1565,27
1557,28,1565,28
1560,1,1565,29
1561,1,1565,30
1562,1,1565,31
1563,1,1565,32
1560,2,1566,1
1561,2,1566,2
1562,2,1566,3
1563,2,1566,4
1565,1,1568,1
1565,9,1568,2
1565,17,1568,3
1565,25,1568,4
1565,2,1569,1
1565,10,1569,2
1565,18,1569,3
1565,26,1569,4
1565,3,1570,1
1565,11,1570,2
1565,19,1570,3
1565,27,1570,4
1565,4,1571,1
1565,12,1571,2
1565,20,1571,3
1565,28,1571,4
1565,5,1572,1
1565,13,1572,2
1565,21,1572,3
1565,29,1572,4
1565,6,1573,1
1565,14,1573,2
1565,22,1573,3
1565,30,1573,4
1565,7,1574,1
1565,15,1574,2
1565,23,1574,3
1565,31,1574,4
1565,8,1575,1
1565,16,1575,2
1565,24,1575,3
1565,32,1575,4
1568,1,1577,1
1568,2,1577,2
1568,3,1577,3
1568,4,1577,4
1569,1,1578,1
1569,2,1578,2
1569,3,1578,3
1569,4,1578,4
1570,1,1579,1
1570,2,1579,2
1570,3,1579,3
1570,4,1579,4
1571,1,1580,1
1571,2,1580,2
1571,3,1580,3
1571,4,1580,4
1572,1,1581,1
1572,2,1581,2
1572,3,1581,3
1572,4,1581,4
1573,1,1582,1
1573,2,1582,2
1573,3,1582,3
1573,4,1582,4
1574,1,1583,1
1574,2,1583,2
1574,3,1583,3
1574,4,1583,4
1575,1,1584,1
1575,2,1584,2
1575,3,1584,3
1575,4,1584,4
1577,1,1586,1
1578,1,1586,2
1579,1,1586,3
1580,1,1586,4
1581,1,1586,5
1582,1,1586,6
1583,1,1586,7
1584,1,1586,8
1577,2,1587,1
1578,2,1587,2
1579,2,1587,3
1580,2,1587,4
1581,2,1587,5
1582,2,1587,6
1583,2,1587,7
1584,2,1587,8
1577,3,1588,1
1578,3,1588,2
1579,3,1588,3
1580,3,1588,4
1581,3,1588,5
1582,3,1588,6
1583,3,1588,7
1584,3,1588,8
1587,0,1590,1
1586,0,1590,2
1587,0,1591,1
1586,0,1591,2
1587,0,1592,1
1586,0,1592,2
1587,0,1593,1
1586,0,1593,2
1587,0,1594,1
1586,0,1594,2
1587,0,1595,1
1586,0,1595,2
1587,0,1596,1
1586,0,1596,2
1587,0,1597,1
1586,0,1597,2
1590,1,1599,1
1591,1,1599,2
1592,1,1599,3
1593,1,1599,4
1594,1,1599,5
1595,1,1599,6
1596,1,1599,7
1597,1,1599,8
1599,0,1601,1
1599,0,1601,2
1599,0,1602,1
1599,0,1602,2
1599,0,1603,1
1599,0,1603,2
1599,0,1604,1
1599,0,1604,2
1601,1,1606,1
1602,1,1606,2
1603,1,1606,3
1604,1,1606,4
1606,4,1608,1
1606,1,1608,2
1606,3,1609,1
1606,2,1609,2
1608,1,1611,1
1609,1,1611,2
1611,1,1613,2
1611,2,1613,1
1616,1,1619,1
1616,2,1619,2
1616,3,1619,3
1616,4,1619,4
1616,5,1619,5
1616,6,1619,6
1616,7,1619,7
1616,8,1619,8
1616,9,1619,9
1616,10,1619,10
1616,11,1619,11
1616,12,1619,12
1617,1,1619,13
1617,2,1619,14
1617,3,1619,15
1617,4,1619,16
1617,5,1619,17
1617,6,1619,18
1617,7,1619,19
1617,8,1619,20
1617,9,1619,21
1617,10,1619,22
1617,11,1619,23
1617,12,1619,24
1617,13,1619,25
1617,14,1619,26
1617,15,1619,27
1617,16,1619,28
1566,0,1619,29
1566,0,1619,30
1566,0,1619,31
1566,0,1619,32
1619,1,1621,1
1619,9,1621,2
1619,17,1621,3
1619,25,1621,4
1619,2,1622,1
1619,10,1622,2
1619,18,1622,3
1619,26,1622,4
1619,3,1623,1
1619,11,1623,2
1619,19,1623,3
1619,27,1623,4
1619,4,1624,1
1619,12,1624,2
1619,20,1624,3
1619,28,1624,4
1619,5,1625,1
1619,13,1625,2
1619,21,1625,3
1619,29,1625,4
1619,6,1626,1
1619,14,1626,2
1619,22,1626,3
1619,30,1626,4
1619,7,1627,1
1619,15,1627,2
1619,23,1627,3
1619,31,1627,4
1619,8,1628,1
1619,16,1628,2
1619,24,1628,3
1619,32,1628,4
1621,1,1630,1
1621,2,1630,2
1621,3,1630,3
1621,4,1630,4
1622,1,1631,1
1622,2,1631,2
1622,3,1631,3
1622,4,1631,4
1623,1,1632,1
1623,2,1632,2
1623,3,1632,3
1623,4,1632,4
1624,1,1633,1
1624,2,1633,2
1624,3,1633,3
1624,4,1633,4
1625,1,1634,1
1625,2,1634,2
1625,3,1634,3
1625,4,1634,4
1626,1,1635,1
1626,2,1635,2
1626,3,1635,3
1626,4,1635,4
1627,1,1636,1
1627,2,1636,2
1627,3,1636,3
1627,4,1636,4
1628,1,1637,1
1628,2,1637,2
1628,3,1637,3
1628,4,1637,4
1630,2,1639,1
1631,2,1639,2
1632,2,1639,3
1633,2,1639,4
1634,2,1639,5
1635,2,1639,6
1636,2,1639,7
1637,2,1639,8
1588,1,1640,1
1588,2,1640,2
1588,3,1640,3
1588,4,1640,4
1588,5,1640,5
1588,6,1640,6
1588,7,1640,7
1588,8,1640,8
1639,0,1642,1
1640,0,1642,2
1639,0,1643,1
1640,0,1643,2
1639,0,1644,1
1640,0,1644,2
1639,0,1645,1
1640,0,1645,2
1639,0,1646,1
1640,0,1646,2
1639,0,1647,1
1640,0,1647,2
1639,0,1648,1
1640,0,1648,2
1639,0,1649,1
1640,0,1649,2
1630,1,1651,1
1631,1,1651,2
1632,1,1651,3
1633,1,1651,4
1634,1,1651,5
1635,1,1651,6
1636,1,1651,7
1637,1,1651,8
1642,1,1652,1
1643,1,1652,2
1644,1,1652,3
1645,1,1652,4
1646,1,1652,5
1647,1,1652,6
1648,1,1652,7
1649,1,1652,8
1651,0,1654,1
1652,0,1654,2
1651,0,1655,1
1652,0,1655,2
1651,0,1656,1
1652,0,1656,2
1651,0,1657,1
1652,0,1657,2
1651,0,1658,1
1652,0,1658,2
1651,0,1659,1
1652,0,1659,2
1651,0,1660,1
1652,0,1660,2
1651,0,1661,1
1652,0,1661,2
1654,1,1663,1
1655,1,1663,2
1656,1,1663,3
1657,1,1663,4
1658,1,1663,5
1659,1,1663,6
1660,1,1663,7
1661,1,1663,8
1663,0,1665,1
1663,0,1665,2
1663,0,1666,1
1663,0,1666,2
1663,0,1667,1
1663,0,1667,2
1663,0,1668,1
1663,0,1668,2
1665,1,1670,1
1666,1,1670,2
1667,1,1670,3
1668,1,1670,4
1670,0,1672,1
1670,0,1672,2
1670,0,1673,1
1670,0,1673,2
1672,1,1675,1
1673,1,1675,2
1679,0,1681,1
1679,0,1681,2
1679,0,1681,3
1679,0,1681,4
1679,0,1681,5
1679,0,1681,6
1679,0,1681,7
1679,0,1681,8
1679,0,1681,9
1679,0,1681,10
1679,0,1681,11
1679,0,1681,12
1679,0,1681,13
1679,0,1681,14
1679,0,1682,1
1679,0,1682,2
1679,0,1682,3
1679,0,1682,4
1679,0,1682,5
1679,0,1682,6
1679,0,1682,7
1679,0,1682,8
1679,0,1682,9
1679,0,1682,10
1679,0,1682,11
1679,0,1682,12
1679,0,1682,13
1679,0,1682,14
1681,1,1684,1
1682,4,1684,2
1681,2,1685,1
1682,3,1685,2
1682,1,1686,1
1681,4,1686,2
1682,2,1687,1
1681,3,1687,2
1684,1,1689,1
1687,1,1689,2
1685,1,1690,1
1686,1,1690,2
1689,1,1692,1
1690,1,1692,2
1710,1,1712,1
1710,2,1712,2
1710,3,1712,3
1710,4,1712,4
1710,5,1713,1
1710,6,1713,2
1710,7,1713,3
1710,8,1713,4
1710,9,1714,1
1710,10,1714,2
1710,11,1714,3
1710,12,1714,4
1712,3,1716,1
1713,3,1716,2
1714,3,1716,3
1712,1,1718,1
1716,1,1718,2
1713,1,1719,1
1712,2,1719,2
1714,1,1720,1
1716,2,1720,2
1713,2,1721,1
1714,2,1721,2
1718,1,1723,1
1719,1,1723,2
1720,1,1724,1
1721,1,1724,2
1723,1,1726,1
1724,1,1726,2
